6 5 135
0.43840047044987873  0.3819464863275599  0.41840635107322965  0.15054395765951156  -0.06498088797414281  -0.4207586004116374  -0.11111111111111094  -0.11111111111111094  -0.11111111111111094  -0.11111111111111094  -0.11111111111111094  
0.61775948250516  0.5554248750367383  0.5977653631285111  0.32696265804175817  0.09673625404293063  -0.317847691855324  0.37777777777777777  0.28888888888888875  -0.4666666666666668  0.02222222222222192  -0.6444444444444442  
0.3060864451631855  0.25551308438693576  0.29197294913263905  0.05939429579533684  -0.13848867980007618  -0.42957953543074134  -0.5555555555555558  -0.7333333333333332  0.911111111111111  -0.6000000000000002  0.28888888888888875  
0.3413701852396347  0.2907968244633852  0.31255513084388165  0.00352837400764483  -0.2149367832990442  -0.5442516906792267  -0.15555555555555545  -0.11111111111111094  -0.6888888888888887  0.4666666666666668  0.06666666666666643  
0.25904145839459747  0.20846809761834795  0.2537488973831552  0.071155542487509  -0.12672743310790413  -0.44428109379594805  -0.7777777777777777  0.8666666666666665  0.11111111111111094  0.33333333333333326  0.6888888888888887  
0.4883857688915014  0.4289914730961477  0.46839164951485235  0.23581299617758344  0.02910908556306646  -0.2708027050867361  0.11111111111111094  -0.15555555555555545  0.7333333333333332  0.6888888888888887  -0.9555555555555555  
0.5883563657747801  0.5289620699794264  0.5566009997059924  0.2475742428697556  0.02910908556306646  -0.2913848867980121  0.6444444444444442  -0.5555555555555558  0.911111111111111  0.5111111111111108  -0.28888888888888886  
0.5618935607174347  0.5024992649220812  0.5507203763599231  0.3387239047338968  0.12025874742724119  -0.25904145839459747  0.15555555555555545  1.0  0.8222222222222222  0.02222222222222192  1.0  
0.17377241987652559  0.1261393707733105  0.16553954719201514  -0.04645692443397764  -0.24433990002939077  -0.550132314025296  -1.0  0.15555555555555545  -0.37777777777777777  0.02222222222222192  0.15555555555555545  
0.4207586004116375  0.3672449279623531  0.3948838576889191  0.10055865921788887  -0.11790649808880016  -0.4560423404880867  0.02222222222222192  -0.15555555555555545  0.33333333333333326  -0.022222222222222476  0.911111111111111  
0.8235812996177534  0.7583063804763304  0.7947662452220003  0.4504557483093141  0.19964716259924375  -0.25316083504852815  0.9555555555555555  -0.9555555555555555  -0.11111111111111094  -1.0  -1.0  
0.5736548074096068  0.5113201999411852  0.5742428697442004  0.4092913848867956  0.19082622758010648  -0.22963834166421748  -0.24444444444444435  0.24444444444444446  -0.11111111111111094  -1.0  -1.0  
0.6383416642164026  0.5789473684210491  0.5918847397824418  0.177006762716857  -0.06498088797414281  -0.43840047044987873  0.9555555555555555  -1.0  -0.28888888888888886  0.28888888888888875  -0.28888888888888886  
0.4207586004116375  0.36430461628931843  0.4213466627462643  0.2475742428697556  0.03793002058217043  -0.3501911202587388  -0.5111111111111113  0.8666666666666665  0.24444444444444446  -0.6444444444444442  0.8222222222222222  
0.4560423404880867  0.39958835636576784  0.4507497794766444  0.25051455454279026  0.034989708909135775  -0.35901205527787616  -0.28888888888888886  0.8666666666666665  0.15555555555555545  -0.4666666666666668  0.911111111111111  
0.37371361364304945  0.32019994119376505  0.356659805939435  0.11526021758306215  -0.0855630696853854  -0.3913554836812574  -0.37777777777777777  -1.0  1.0  -0.8666666666666666  0.06666666666666643  
0.27374301675977075  0.2261099676565559  0.2537488973831552  -0.017053807703631074  -0.22669802999118283  -0.538371067333124  -0.37777777777777777  0.4666666666666668  -0.28888888888888886  0.5999999999999996  1.0  
0.2619817700676321  0.2114084092913826  0.25668920905618986  0.07703616583357831  -0.10908556306969619  -0.3619523669509108  -0.8666666666666666  -1.0  1.0  -0.5111111111111113  -1.0  
0.8147603645986494  0.7494854454572264  0.7800646868568271  0.39458982652162233  0.1320199941193798  -0.3825345486621534  1.0  -0.37777777777777777  -1.0  -1.0  -0.11111111111111094  
0.26786239341370144  0.21728903263745192  0.26551014407529383  0.0976183475448209  -0.08850338135842006  -0.35901205527787616  -0.8666666666666666  -0.37777777777777777  1.0  -0.33333333333333337  -0.37777777777777777  
0.4325198471038094  0.3731255513084224  0.43310790943840294  0.27109673625403286  0.061452513966481215  -0.3266686268744614  -0.5111111111111113  0.911111111111111  0.28888888888888875  -0.6444444444444442  0.6444444444444442  
0.3913554836812909  0.33490149955893855  0.3890032343428498  0.21523081446634085  0.0026462805057212435  -0.3825345486621534  -0.6000000000000002  0.8222222222222222  0.06666666666666643  -0.6888888888888887  0.8222222222222222  
0.4119376653925335  0.3584239929432491  0.40370479270805637  0.19464863275506494  -0.012055277859452151  -0.35901205527787616  -0.37777777777777777  -0.15555555555555545  1.0  -1.0  0.911111111111111  
0.19435460158776818  0.1467215524845531  0.1890620405763257  0.006468685680679487  -0.18259335489562944  -0.45898265216112133  -1.0  -0.15555555555555545  0.33333333333333326  -0.022222222222222476  -0.28888888888888886  
0.22375771831814806  0.17318435754189854  0.21258453396060295  0.009408997353714144  -0.18259335489562944  -0.47368421052632814  -1.0  -1.0  0.4222222222222223  -1.0  -0.37777777777777777  
0.5971773007938841  0.5348426933254957  0.6036459864745805  0.4739782416936249  0.26433401940603973  -0.11202587474273085  -0.24444444444444435  0.19999999999999996  1.0  -0.9111111111111111  -1.0  
0.30314613349015085  0.24963246104086645  0.309614819170847  0.1917083210820303  0.0026462805057212435  -0.317847691855324  -1.0  0.19999999999999996  1.0  -0.9111111111111111  0.19999999999999996  
0.35019112025873866  0.2966774478094545  0.3507791825933657  0.177006762716857  -0.02969714789769351  -0.3972361070273601  -0.6888888888888887  0.6888888888888887  0.15555555555555545  -0.6000000000000002  0.7333333333333332  
0.46486327550722417  0.40546897971183715  0.4654513378418177  0.30049985298441295  0.09085563069686131  -0.3002058218171161  -0.4222222222222223  1.0  0.4222222222222223  -0.6000000000000002  0.7333333333333332  
0.20611584827994012  0.15848279917672525  0.194942663922395  -0.014113496030596417  -0.20023522493383739  -0.45898265216112133  -0.9111111111111111  -0.7777777777777777  1.0  -0.5111111111111113  0.19999999999999996  
0.25316083504852815  0.2055277859453133  0.23022640399884442  -0.01999411937666573  -0.2061158482799067  -0.4060570420464641  -0.37777777777777777  -1.0  1.0  1.0  -1.0  
0.20611584827994012  0.15848279917672525  0.19788297559542967  -0.0023522493384243726  -0.19141428991473342  -0.45898265216112133  -1.0  -1.0  1.0  -1.0  0.19999999999999996  
0.08262275801235086  0.04087033225520509  0.06556895030873644  -0.18171126139370575  -0.3707733019700148  -0.5912966774478148  -1.0  -0.37777777777777777  -0.19999999999999996  0.8666666666666665  -0.37777777777777777  
0.1443693031461455  0.10261687738899994  0.10379300205822029  -0.264039988238743  -0.4707438988532935  -0.6971478976771628  -0.37777777777777777  -1.0  -0.19999999999999996  0.8666666666666665  0.8222222222222222  
0.42957953543077476  0.3731255513084224  0.4272272860923336  0.2534548662158249  0.043810643928239745  -0.3325492502205307  -0.4222222222222223  0.9555555555555555  0.37777777777777777  -0.37777777777777777  0.7777777777777777  
0.17671273154956024  0.12907968244634516  0.16553954719201514  -0.043516612760942985  -0.23257865333725214  -0.49426639223757074  -1.0  -0.6888888888888887  0.8222222222222222  -0.5555555555555558  0.37777777777777777  
0.21199647162600943  0.16436342252279457  0.20376359894149898  0.006468685680679487  -0.18259335489562944  -0.45016171714201736  -0.9555555555555555  -0.7777777777777777  1.0  -0.7333333333333332  0.19999999999999996  
0.32372831520142675  0.27315495442517723  0.3037341958247777  0.03587180241105958  -0.17377241987649206  -0.4913260805645361  -0.37777777777777777  -0.37777777777777777  0.4222222222222223  -0.37777777777777777  0.8222222222222222  
0.03851808291679748  -0.003234342840348181  0.009703028521044432  -0.284622169950019  -0.47368421052632814  -0.6795060276389213  -1.0  -1.0  0.4222222222222223  0.28888888888888875  1.0  
0.3825345486621534  0.33490149955893855  0.3390179359012271  -0.07291972949132308  -0.30314613349015074  -0.6295207291972987  0.19999999999999996  -1.0  -0.7777777777777777  0.28888888888888875  0.19999999999999996  
0.4119376653925335  0.35548368127021446  0.41252572772716034  0.24169361952365276  0.03204939723610112  -0.3472508085857041  -0.5111111111111113  0.911111111111111  0.33333333333333326  -0.5555555555555558  0.8666666666666665  
0.36783299029698013  0.31431931784769573  0.3684210526316072  0.1975889444280996  -0.006174654513382838  -0.3707733019700148  -0.6000000000000002  0.8666666666666665  0.33333333333333326  -0.4222222222222223  0.8222222222222222  
-0.7230226403998812  -0.7441928844457507  -0.7165539547191848  -0.7315495442516883  -0.788297559541304  -0.6501029109085413  -0.9555555555555555  -0.6444444444444442  1.0  -0.6888888888888887  0.4222222222222223  
0.20611584827994012  0.15848279917672525  0.194942663922395  -0.017053807703631074  -0.2061158482799067  -0.47368421052632814  -0.9111111111111111  -0.8666666666666666  0.9555555555555555  -0.7333333333333332  0.33333333333333326  
0.3266686268744614  0.2760952660982119  0.309614819170847  0.06527491914143968  -0.13848867980007618  -0.4354601587768441  -0.37777777777777777  -0.37777777777777777  1.0  -0.37777777777777777  1.0  
0.42957953543077476  0.3731255513084224  0.4213466627462643  0.22111143781241016  0.017347838870927834  -0.3207880035283587  -0.37777777777777777  -0.37777777777777777  1.0  -1.0  0.19999999999999996  
0.27374301675977075  0.2261099676565559  0.24786827403705236  -0.043516612760942985  -0.24433990002939077  -0.5119082622758121  -0.37777777777777777  -1.0  1.0  -0.33333333333333337  1.0  
0.42369891208467214  0.3672449279623531  0.4213466627462643  0.24463393119668742  0.034989708909135775  -0.34431049691266946  -0.4666666666666668  0.911111111111111  0.33333333333333326  -0.5111111111111113  0.8666666666666665  
0.35901205527787616  0.30549838282859176  0.3596001176124697  0.17994707438989166  -0.026756836224625435  -0.3913554836812574  -0.6444444444444442  0.7777777777777777  0.24444444444444446  -0.5111111111111113  0.911111111111111  
0.20905615995297477  0.1614231108497599  0.20082328726846432  5.880623346101732E-4  -0.18847397824169876  -0.4619229638341561  -0.9555555555555555  -0.6888888888888887  0.8222222222222222  -0.6888888888888887  0.19999999999999996  
0.2149367832990441  0.16730373419582922  0.20670391061453364  -0.014113496030596417  -0.21787709497207886  -0.5530726256983307  -1.0  -0.37777777777777777  -0.19999999999999996  -1.0  0.4222222222222223  
0.3060864451631855  0.2584533960599704  0.27727139076743246  -0.0582181711261498  -0.2766833284328054  -0.6206997941781948  -0.37777777777777777  -1.0  -0.19999999999999996  -1.0  1.0  
0.05910026462807361  0.017347838870927834  0.03616583357838987  -0.24345780652750038  -0.4325198471038094  -0.6471625992355067  -1.0  -0.9555555555555555  0.4666666666666668  0.15555555555555545  0.8666666666666665  
0.41487797706556817  0.3584239929432491  0.41252572772716034  0.2328726845045488  0.023228462216997148  -0.3560717436048081  -0.5111111111111113  0.8666666666666665  0.24444444444444446  -0.5555555555555558  0.8222222222222222  
0.3854748603351881  0.3319611878859039  0.38312261099678047  0.20052925610113426  -0.009114966186417495  -0.37371361364304945  -0.5111111111111113  0.7777777777777777  0.28888888888888875  -0.4222222222222223  0.8222222222222222  
0.21199647162600943  0.16436342252279457  0.20376359894149898  0.00352837400764483  -0.1855336665686641  -0.453102028815052  -0.9555555555555555  -0.7333333333333332  1.0  -0.6888888888888887  0.33333333333333326  
0.18259335489562956  0.13496030579241447  0.17142017053808445  -0.03175536606880436  -0.2208174066451135  -0.47956483387239746  -1.0  -0.7777777777777777  0.9555555555555555  -0.6444444444444442  0.37777777777777777  
0.17377241987652559  0.12907968244634516  0.16259923551898048  -0.04645692443397764  -0.23845927668332145  -0.5207291972949161  -1.0  -0.37777777777777777  0.4222222222222223  -0.37777777777777777  0.4222222222222223  
0.26786239341370144  0.22022934431048657  0.23316671567187908  -0.1287856512790484  -0.3501911202587388  -0.6795060276389213  -0.37777777777777777  -1.0  -0.7777777777777777  -0.37777777777777777  0.4222222222222223  
0.05027932960893611  0.008526903851790557  0.024404586886217716  -0.27286092325788036  -0.4619229638341561  -0.6765657159658867  -0.9555555555555555  -1.0  0.37777777777777777  0.19999999999999996  1.0  
0.3707733019700148  0.3172596295207304  0.36254042928553787  0.1623052043516502  -0.04733901793590145  -0.4119376653925334  -0.5111111111111113  0.7333333333333332  0.15555555555555545  -0.37777777777777777  1.0  
0.3942957953543256  0.3378418112319732  0.3890032343428498  0.2034695677741689  -0.006174654513382838  -0.3707733019700148  -0.5111111111111113  0.7333333333333332  0.4222222222222223  -0.5111111111111113  0.9555555555555555  
0.2208174066451134  0.17318435754189854  0.2096442222875683  5.880623346101732E-4  -0.18847397824169876  -0.46486327550719075  -0.9111111111111111  -0.6888888888888887  0.8666666666666665  -0.7333333333333332  0.4222222222222223  
0.16789179653045627  0.12319905910027584  0.15671861217291116  -0.052337547780080484  -0.23845927668332145  -0.4913260805645361  -1.0  -0.8222222222222221  0.9555555555555555  -0.5555555555555558  0.33333333333333326  
0.1502499264922148  0.10849750073506925  0.10967362540432313  -0.26698029991177763  -0.4825051455454321  -0.7441928844457507  -0.37777777777777777  -0.37777777777777777  -1.0  1.0  1.0  
0.05027932960893611  0.008526903851790557  0.024404586886217716  -0.255219053219639  -0.4413407821229134  -0.644222287562472  -1.0  -1.0  0.6444444444444442  0.19999999999999996  1.0  
0.026756836224658853  -0.012055277859452151  -0.002058218171094195  -0.30226403998822704  -0.49426639223757074  -0.7000882093501974  -1.0  -0.8666666666666666  0.15555555555555545  0.4222222222222223  1.0  
0.5471920023522614  0.49073801822994256  0.512496324610439  0.1476036459864769  -0.08850338135842006  -0.4825051455454321  0.33333333333333326  -0.9111111111111111  -0.8666666666666666  -0.33333333333333337  -0.9111111111111111  
0.7735960011761307  0.7112613937077426  0.7389003234343083  0.36518670979124224  0.11731843575417322  -0.32372831520142675  1.0  -0.9111111111111111  0.33333333333333326  -1.0  0.28888888888888875  
-0.0408703322552052  -0.07674213466628144  -0.07556600999702745  -0.4110555718906096  -0.5971773007938841  -0.770655689503096  -1.0  -1.0  -0.11111111111111094  1.0  1.0  
0.044398706262866794  0.0026462805057212435  0.024404586886217716  -0.20523375477801642  -0.3825345486621534  -0.5618935607174347  -1.0  -0.33333333333333337  1.0  1.0  1.0  
0.347250808585704  0.2966774478094545  0.3243163775360203  0.03587180241105958  -0.17377241987649206  -0.4883857688915014  -0.24444444444444435  -0.37777777777777777  -0.28888888888888886  0.28888888888888875  -0.37777777777777777  
0.3149073801823228  0.2584533960599704  0.3213760658629856  0.20640987944720357  0.017347838870927834  -0.29432519847104677  -1.0  -0.06666666666666643  1.0  -1.0  -0.33333333333333337  
0.3266686268744614  0.2760952660982119  0.300793884151743  5.880623346101732E-4  -0.20905615995294136  -0.5354307556600894  -0.37777777777777777  -1.0  0.37777777777777777  -1.0  0.8666666666666665  
0.8912084680976173  0.8200529256101252  0.8712143487209683  0.5827697735960076  0.3407821229050412  -0.10908556306969619  1.0  -0.33333333333333337  0.911111111111111  -1.0  -0.28888888888888886  
-0.7347838870920198  -0.7530138194648547  -0.7400764481034621  -0.8756248162305202  -0.9823581299617586  -1.0  -0.8666666666666666  -0.37777777777777777  1.0  -0.06666666666666643  0.9555555555555555  
0.15613054983828412  0.10849750073506925  0.14495736548077254  -0.06409879447221911  -0.2502205233754935  -0.5060276389297428  -1.0  -0.4222222222222223  1.0  -0.37777777777777777  1.0  
0.4472214054689827  0.3937077330196985  0.4095854160541257  0.07703616583357831  -0.1355483681270081  -0.4060570420464641  0.33333333333333326  -1.0  0.33333333333333326  1.0  -1.0  
0.732431637753612  0.6700970302851903  0.6977359600117896  0.33578359306086214  0.08791531902382665  -0.3560717436048081  1.0  0.19999999999999996  -0.8666666666666666  0.4222222222222223  -0.37777777777777777  
0.11790649808880005  0.07321376065861984  0.10379300205822029  -0.10232284622170307  -0.2766833284328054  -0.4560423404880867  -1.0  -1.0  1.0  0.5999999999999996  -0.9111111111111111  
0.26786239341370144  0.22022934431048657  0.2449279623640177  -0.03175536606880436  -0.22669802999118283  -0.46486327550719075  -0.37777777777777777  -1.0  0.4222222222222223  0.5999999999999996  -0.9111111111111111  
0.8088797412525801  0.7377241987650545  0.8094678035872069  0.6298147603645956  0.4025286680388025  -0.02969714789769351  0.4222222222222223  0.28888888888888875  1.0  -1.0  -0.9111111111111111  
0.23257865333725203  0.18494560423403716  0.2243457806527751  0.0123493090267488  -0.1796530432225948  -0.45898265216112133  -0.7777777777777777  -0.24444444444444435  1.0  -0.37777777777777777  0.9555555555555555  
-0.6789179653043278  -0.7000882093501974  -0.6724492796236314  -0.7227286092325843  -0.8088797412525801  -0.826521611290788  -0.7777777777777777  -0.24444444444444435  0.8666666666666665  -0.4222222222222223  0.7777777777777777  
0.42957953543077476  0.37900617465452524  0.3890032343428498  0.027050867391955613  -0.19729491326080273  -0.5060276389297428  0.4222222222222223  -0.37777777777777777  -0.28888888888888886  1.0  0.19999999999999996  
0.7765363128491654  0.7112613937077426  0.7536018817994816  0.4651573066744874  0.22905027932959054  -0.1855336665686641  1.0  0.8222222222222222  -0.28888888888888886  1.0  -1.0  
0.35019112025873866  0.2966774478094545  0.33607762422819243  0.10643928256395818  -0.10026462805055869  -0.43840047044987873  -0.5111111111111113  -0.33333333333333337  0.33333333333333326  -0.6888888888888887  0.33333333333333326  
0.847103793002064  0.778888562187573  0.8300499852984498  0.5533666568656275  0.31431931784769573  -0.12672743310790413  0.8666666666666665  -0.24444444444444435  1.0  -0.9555555555555555  -0.15555555555555545  
0.885327844751548  0.8141723022640224  0.8653337253748989  0.5768891502499047  0.3319611878859039  -0.11202587474273085  1.0  -0.4222222222222223  0.9555555555555555  -1.0  -0.33333333333333337  
0.25904145839459747  0.20846809761834795  0.2537488973831552  0.07703616583357831  -0.1149661864157655  -0.4060570420464641  -0.8222222222222221  0.06666666666666643  0.9555555555555555  -0.33333333333333337  0.6888888888888887  
-0.6318729785357065  -0.6559835342546441  -0.6195236695089408  -0.6051161423110977  -0.6795060276389213  -0.7000882093501974  -0.6444444444444442  0.06666666666666643  0.911111111111111  -0.33333333333333337  0.6888888888888887  
-0.034989708909135886  -0.0796824463393161  -0.019700088209335553  -0.0788003528373924  -0.22375771831814817  -0.5736548074095733  1.0  0.19999999999999996  -0.37777777777777777  -0.7777777777777777  -0.37777777777777777  
-0.5113201999411852  -0.538371067333124  -0.5107321376065581  -0.5992355189650284  -0.7030285210232321  -0.7853572478682693  -0.28888888888888886  -0.33333333333333337  0.4666666666666668  -0.5555555555555558  0.33333333333333326  
0.3413701852396347  0.2878565127903505  0.32725668920908846  0.08879741252571693  -0.11790649808880016  -0.4413407821229134  -0.4666666666666668  -0.37777777777777777  0.37777777777777777  -0.5111111111111113  0.24444444444444446  
0.9059100264628241  0.8347544839752985  0.8888562187592097  0.6121728903263541  0.3672449279623531  -0.09438400470448938  1.0  -0.06666666666666643  0.6888888888888887  -0.8666666666666666  -0.4666666666666668  
0.83828285798296  0.770067627168469  0.8212290502793456  0.5504263451925928  0.3113790061746611  -0.1149661864157655  0.8666666666666665  -0.33333333333333337  0.9555555555555555  -0.8666666666666666  -0.4666666666666668  
0.3002058218171162  0.24963246104086645  0.29197294913263905  0.07997647750661296  -0.1149661864157655  -0.4119376653925334  -0.6000000000000002  -0.15555555555555545  0.911111111111111  -0.33333333333333337  0.6444444444444442  
0.9000294031167213  0.8288738606292292  0.8829755954131404  0.6033519553072502  0.34960305792414514  -0.1649514848573881  1.0  0.911111111111111  -0.8666666666666666  -0.11111111111111094  -0.9111111111111111  
0.8882681564245827  0.8200529256101252  0.8712143487209683  0.5739488385768701  0.3172596295207304  -0.20023522493383739  1.0  0.7333333333333332  -1.0  -0.24444444444444435  -0.9111111111111111  
0.38841517200825604  0.33490149955893855  0.3684210526316072  0.10349897089092353  -0.10614525139666153  -0.4413407821229134  -0.28888888888888886  -0.5555555555555558  0.4222222222222223  -0.6000000000000002  0.37777777777777777  
0.3560717436048415  0.30549838282859176  0.3390179359012271  0.07703616583357831  -0.13260805645397344  -0.4560423404880867  -0.37777777777777777  -0.5555555555555558  0.37777777777777777  -0.4666666666666668  0.28888888888888875  
0.8588650396942026  0.7877094972067105  0.8418112319906217  0.5710085269038354  0.32902087621286924  -0.11790649808880016  0.8666666666666665  -0.19999999999999996  0.8222222222222222  -1.0  -0.33333333333333337  
0.3060864451631855  0.2525727727139011  0.29785357247870836  0.0976183475448209  -0.10026462805055869  -0.40311673037342943  -0.6444444444444442  -0.19999999999999996  0.9555555555555555  -0.5555555555555558  0.6444444444444442  
-0.6759776536312597  -0.6971478976771628  -0.6636283446044942  -0.640399882387547  -0.7118494560423361  -0.7118494560423361  -0.7777777777777777  0.02222222222222192  1.0  -0.37777777777777777  0.7777777777777777  
0.9411937665392733  0.867097912378713  0.9270802705086936  0.6650985004410448  0.4084092913848718  -0.1149661864157655  1.0  1.0  -0.7333333333333332  -0.28888888888888886  -1.0  
0.876506909732444  0.8053513672449184  0.8623934137018643  0.6033519553072502  0.3525433695971798  -0.15907086151131877  0.8666666666666665  1.0  -0.7333333333333332  -0.28888888888888886  -0.7333333333333332  
0.33842987356660004  0.2878565127903505  0.31843575418995096  0.053513672449267524  -0.15319023816524946  -0.4678035871802254  -0.37777777777777777  -0.6444444444444442  0.5555555555555551  -0.5111111111111113  0.4666666666666668  
0.894148779770652  0.8200529256101252  0.8800352837401058  0.6327550720376303  0.39076742134666387  -0.07380182299324678  0.8666666666666665  0.24444444444444446  0.6888888888888887  -0.8666666666666666  -0.4666666666666668  
0.9500147015583773  0.875918847397817  0.9359012055277975  0.6768597471331834  0.42605116142311306  -0.05910026462804008  1.0  0.24444444444444446  0.37777777777777777  -0.8666666666666666  -0.7777777777777777  
0.2766833284328054  0.22905027932959054  0.2684504557483285  0.053513672449267524  -0.14142899147311083  -0.42957953543074134  -0.6444444444444442  -0.19999999999999996  0.911111111111111  -0.28888888888888886  0.6888888888888887  
0.8823875330785134  0.8141723022640224  0.8653337253748989  0.5739488385768701  0.32019994119376505  -0.19141428991473342  1.0  0.911111111111111  -0.9555555555555555  -0.06666666666666643  -0.8666666666666666  
0.9088503381358588  0.8347544839752985  0.8976771537783137  0.6445163187297689  0.39076742134666387  -0.1355483681270081  0.8666666666666665  1.0  -0.8666666666666666  -0.4222222222222223  -1.0  
0.3560717436048415  0.30549838282859176  0.33607762422819243  0.06821523081447434  -0.14142899147311083  -0.4707438988532935  -0.33333333333333337  -0.4666666666666668  0.19999999999999996  -0.37777777777777777  0.24444444444444446  
0.35313143193180685  0.29961775948248914  0.33607762422819243  0.08291678917964762  -0.12672743310790413  -0.45016171714201736  -0.37777777777777777  -0.37777777777777777  0.37777777777777777  -0.4222222222222223  0.37777777777777777  
0.8970890914436866  0.8229932372831599  0.8829755954131404  0.6415760070567342  0.3966480446927332  -0.07086151132021212  0.8666666666666665  0.37777777777777777  0.5111111111111108  -0.7333333333333332  -0.6444444444444442  
0.944134078212308  0.867097912378713  0.9359012055277975  0.7092031755365982  0.4642752131725971  -0.009114966186417495  0.8666666666666665  0.37777777777777777  0.8222222222222222  -1.0  -0.6444444444444442  
0.2796236401058736  0.22905027932959054  0.2684504557483285  0.05057336077623287  -0.1443693031461455  -0.4325198471038094  -0.6000000000000002  -0.15555555555555545  0.911111111111111  -0.19999999999999996  0.7777777777777777  
0.9323728315201361  0.8582769773596091  0.9182593354895896  0.6445163187297689  0.39076742134666387  -0.13848867980007618  1.0  0.9555555555555555  -0.8222222222222221  -0.28888888888888886  -0.9111111111111111  
0.9206115848279974  0.8465157306674371  0.9094384004704523  0.6474566304028035  0.3937077330196985  -0.1296677447809388  0.911111111111111  1.0  -0.7777777777777777  -0.33333333333333337  -0.9555555555555555  
-0.5230814466333238  -0.5471920023522614  -0.5224933842987302  -0.6668626874448589  -0.7941781828873733  -0.9382534548662053  -0.28888888888888886  -0.33333333333333337  0.33333333333333326  -0.33333333333333337  0.28888888888888875  
0.944134078212308  0.867097912378713  0.9329608938547629  0.6945016171714249  0.4495736548073903  -0.02381652455159078  0.9555555555555555  0.33333333333333326  0.7777777777777777  -0.8222222222222221  -0.6888888888888887  
1.0  0.922963834166405  0.9917671273155231  0.7562481623051862  0.5083798882681505  0.02028815054396249  1.0  0.28888888888888875  0.7333333333333332  -1.0  -0.9111111111111111  
0.35901205527787616  0.30549838282859176  0.34783887092033106  0.12996177594823544  -0.07086151132021212  -0.3854748603351881  -0.4222222222222223  -0.11111111111111094  0.9555555555555555  -0.37777777777777777  0.6888888888888887  
0.30902675683622016  0.2584533960599704  0.2949132608056737  0.071155542487509  -0.1296677447809388  -0.4325198471038094  -0.5555555555555558  -0.24444444444444435  0.8222222222222222  -0.37777777777777777  0.6888888888888887  
0.9206115848279974  0.8465157306674371  0.9064980887974177  0.6445163187297689  0.3937077330196985  -0.11790649808880016  0.9555555555555555  0.9555555555555555  -0.6000000000000002  -0.19999999999999996  -1.0  
0.9382534548662054  0.8641576007056784  0.9270802705086936  0.6680388121140794  0.41134960305790647  -0.1149661864157655  0.9555555555555555  1.0  -0.6444444444444442  -0.4222222222222223  -0.8666666666666666  
0.4178182887386028  0.36430461628931843  0.40370479270805637  0.1623052043516502  -0.04733901793590145  -0.3972361070273601  -0.28888888888888886  -0.19999999999999996  0.37777777777777777  -0.5111111111111113  0.24444444444444446  
0.9264922081740667  0.8523963540135064  0.9182593354895896  0.6915613054983902  0.4495736548073903  -0.006174654513382838  0.8666666666666665  0.15555555555555545  0.911111111111111  -0.8666666666666666  -1.0  
-0.6142311084974985  -0.6383416642164027  -0.6077624228168022  -0.640399882387547  -0.7265510144075428  -0.7618347544839587  -0.6000000000000002  -0.11111111111111094  0.911111111111111  -0.4666666666666668  0.8222222222222222  
0.30314613349015085  0.2525727727139011  0.29197294913263905  0.07409585416054365  -0.12672743310790413  -0.4266392237577067  -0.5555555555555558  -0.11111111111111094  0.911111111111111  -0.37777777777777777  0.911111111111111  
0.9029697147897895  0.8318141723022638  0.8888562187592097  0.6121728903263541  0.3584239929432491  -0.15907086151131877  0.9555555555555555  0.9555555555555555  -0.8666666666666666  -0.19999999999999996  -0.9111111111111111  
0.9294325198471014  0.8553366656865411  0.912378712143487  0.6445163187297689  0.3878271096736292  -0.1355483681270081  1.0  1.0  -0.8222222222222221  -0.24444444444444435  -0.9555555555555555  
0.4207586004116375  0.36430461628931843  0.406645104381091  0.1681858276977195  -0.04145839458983214  -0.38841517200822273  -0.24444444444444435  -0.15555555555555545  0.33333333333333326  -0.37777777777777777  0.06666666666666643  
0.4413407821229134  0.3878271096736292  0.42428697441929897  0.16524551602468485  -0.05027932960893611  -0.3972361070273601  -0.11111111111111094  -0.19999999999999996  0.37777777777777777  -0.28888888888888886  0.24444444444444446  
0.4825051455454321  0.42605116142311306  0.46839164951485235  0.22405174948544482  0.008526903851790557  -0.3560717436048081  -0.11111111111111094  -0.15555555555555545  0.37777777777777777  -0.5555555555555558  0.02222222222222192  
