533.5494913260807  533.1503616583358  533.4081329020877  531.5143457806528  529.9905851220228  527.4752366950897  0.8  0.8  0.8  0.8  0.8  
534.8175595413114  534.3768538665097  534.6762011173186  532.7616259923552  531.1339253160835  528.2028168185828  0.91  0.89  0.72  0.83  0.68  
532.6140311673037  532.2564775066156  532.5142487503678  530.869917671273  529.4708850338135  527.4128726845047  0.7  0.66  1.03  0.69  0.89  
532.8634872096442  532.5059335489561  532.6597647750663  530.474945604234  528.9303969420757  526.6021405468979  0.79  0.8  0.67  0.93  0.84  
532.2814231108498  531.9238694501618  532.2440047044989  530.9530696853867  529.5540370479271  527.3089326668627  0.65  1.02  0.85  0.9  0.98  
533.902887386063  533.4829697147898  533.76152896207  532.1171978829755  530.6558012349309  528.5354248750367  0.85  0.79  0.99  0.98  0.61  
534.6096795060276  534.1897618347546  534.3851690679213  532.2003498970892  530.6558012349309  528.3899088503381  0.97  0.7  1.03  0.94  0.76  
534.4225874742723  534.0026698029991  534.3435930608647  532.8447780064687  531.3002293443105  528.6185768891502  0.86  1.05  1.01  0.83  1.05  
531.678571008527  531.3418053513673  531.6203645986475  530.1215495442518  528.7225169067922  526.5605645398412  0.6  0.86  0.74  0.83  0.86  
533.4247633049102  533.0464216406938  533.2418288738606  531.1609497206705  529.6164010585122  527.2257806527492  0.83  0.79  0.9  0.82  1.03  
536.2727197882975  535.8112261099676  536.0689973537195  533.6347221405468  531.8615054395766  528.6601528962069  1.04  0.61  0.8  0.6  0.6  
534.5057394883859  534.0650338135841  534.5098970890915  533.3436900911496  531.7991414289913  528.826456924434  0.77  0.88  0.8  0.6  0.6  
534.9630755660099  534.5431578947369  534.6346251102618  531.7014378124081  529.9905851220228  527.3505086739193  1.04  0.6  0.76  0.89  0.76  
533.4247633049102  533.0256336371655  533.4289209056161  532.2003498970892  530.7181652455159  527.9741487797708  0.71  1.02  0.88  0.68  1.01  
533.6742193472508  533.275089679506  533.6368009408999  532.2211379006175  530.6973772419876  527.9117847691854  0.76  1.02  0.86  0.72  1.03  
533.0921552484564  532.7138135842399  532.9715848279918  531.2648897383123  529.8450690973243  527.6831167303735  0.74  0.6  1.05  0.63  0.84  
532.3853631284916  532.0485974713318  532.2440047044989  530.3294295795354  528.8472449279624  526.6437165539548  0.74  0.93  0.76  0.96  1.05  
532.3022111143781  531.9446574536901  532.2647927080272  530.9946456924434  529.6787650690973  527.8909967656571  0.63  0.6  1.05  0.71  0.6  
536.2103557777124  535.7488620993826  535.9650573360777  533.2397500735078  531.383381358424  527.7454807409586  1.05  0.74  0.6  0.6  0.8  
532.3437871214348  531.9862334607468  532.3271567186123  531.1401617171418  529.824281093796  527.9117847691854  0.63  0.74  1.05  0.75  0.74  
533.5079153190239  533.0879976477505  533.5120729197295  532.366653925316  530.884469273743  528.1404528079976  0.71  1.03  0.89  0.68  0.97  
533.2168832696267  532.8177536018817  533.2002528668039  531.9716818582771  530.4687092031754  527.7454807409586  0.69  1.01  0.84  0.67  1.01  
533.3623992943252  532.9840576301087  533.3041928844459  531.8261658335783  530.3647691855336  527.9117847691854  0.74  0.79  1.05  0.6  1.03  
531.8240870332255  531.4873213760658  531.7866686268746  530.4957336077624  529.1590649808879  527.2049926492209  0.6  0.79  0.9  0.82  0.76  
532.0319670685093  531.6744134078212  531.9529726551015  530.5165216112907  529.1590649808879  527.1010526315788  0.6  0.6  0.92  0.6  0.74  
534.6720435166128  534.2313378418112  534.7177771243753  533.8010261687739  532.3188415172007  529.6579770655688  0.77  0.87  1.05  0.62  0.6  
532.5932431637754  532.2149014995589  532.6389767715378  531.8053778300499  530.4687092031754  528.2028168185828  0.6  0.87  1.05  0.62  0.87  
532.9258512202292  532.5475095560129  532.9300088209351  531.7014378124081  530.2400411643633  527.6415407233166  0.67  0.98  0.86  0.69  0.99  
533.736583357836  533.3166656865627  533.7407409585417  532.5745339605998  531.0923493090268  528.3275448397529  0.73  1.05  0.92  0.69  0.99  
531.9072390473392  531.5704733901795  531.8282446339313  530.3502175830637  529.0343369597177  527.2049926492209  0.62  0.65  1.05  0.71  0.87  
532.2398471037931  531.9030814466333  532.0777006762718  530.308641576007  528.992760952661  527.5791767127315  0.74  0.6  1.05  1.05  0.6  
531.9072390473392  531.5704733901795  531.8490326374597  530.4333695971774  529.0967009703028  527.2049926492209  0.6  0.6  1.05  0.6  0.87  
531.0341428991474  530.7389532490442  530.9135724786828  529.1653013819465  527.828632755072  526.2695324904439  0.6  0.74  0.78  1.02  0.74  
531.4706909732432  531.1755013231402  531.1838165245516  528.5832372831521  527.1218406351072  525.5211643634225  0.74  0.6  0.78  1.02  1.01  
533.4871273154955  533.0879976477505  533.4704969126727  532.2419259041459  530.7597412525727  528.0988768009408  0.73  1.04  0.91  0.74  1.0  
531.6993590120554  531.3625933548957  531.6203645986475  530.1423375477801  528.8056689209056  526.9555366068804  0.6  0.67  1.01  0.7  0.91  
531.9488150543958  531.6120493972361  531.8906086445164  530.4957336077624  529.1590649808879  527.267356659806  0.61  0.65  1.05  0.66  0.87  
532.7387591884741  532.3812055277859  532.5974007644811  530.7036136430462  529.2214289914732  526.9763246104087  0.74  0.74  0.92  0.74  1.01  
530.7223228462218  530.4271331961187  530.5186004116438  528.4377212584534  527.1010526315788  525.6458923845928  0.6  0.6  0.92  0.89  1.05  
533.1545192590414  532.8177536018817  532.8468568068216  529.9344575124964  528.3067568362246  525.9992884445751  0.87  0.6  0.65  0.89  0.87  
533.3623992943252  532.9632696265804  533.366556895031  532.1587738900322  530.6765892384592  527.9949367832991  0.71  1.03  0.9  0.7  1.02  
533.0505792413996  532.6722375771832  533.0547368421054  531.8469538371066  530.4063451925904  527.828632755072  0.69  1.02  0.9  0.73  1.01  
525.3382299323729  525.1885563069685  525.3839635401354  525.2779447221405  524.876736254043  525.8537724198766  0.61  0.68  1.05  0.67  0.92  
531.9072390473392  531.5704733901795  531.8282446339313  530.3294295795354  528.992760952661  527.1010526315788  0.62  0.63  1.04  0.66  0.9  
532.7595471920024  532.4019935313144  532.6389767715378  530.91149367833  529.4708850338135  527.3712966774477  0.74  0.74  1.05  0.74  1.05  
533.4871273154955  533.0879976477505  533.4289209056161  532.0132578653337  530.5726492208174  528.1820288150545  0.74  0.74  1.05  0.6  0.87  
532.3853631284916  532.0485974713318  532.202428697442  530.1423375477801  528.7225169067922  526.83080858571  0.74  0.6  1.05  0.75  1.05  
533.4455513084387  533.0464216406938  533.4289209056161  532.1795618935606  530.6973772419876  528.0157247868274  0.72  1.03  0.9  0.71  1.02  
532.9882152308146  532.6098735665981  532.9923728315201  531.7222258159366  530.2608291678919  527.6831167303735  0.68  1.0  0.88  0.71  1.03  
531.9280270508675  531.5912613937078  531.869820640988  530.4541576007057  529.1174889738312  527.1842046456925  0.61  0.67  1.01  0.67  0.87  
531.9696030579242  531.6328374007645  531.9113966480447  530.3502175830637  528.9096089385474  526.5397765363128  0.6  0.74  0.78  0.6  0.92  
532.6140311673037  532.2772655101439  532.4103087327258  530.0383975301381  528.4938488679801  526.0616524551601  0.74  0.6  0.78  0.6  1.05  
530.8678388709204  530.5726492208174  530.7056924433992  528.7287533078505  527.392084680976  525.874560423405  0.6  0.61  0.93  0.86  1.02  
533.3831872978535  532.9840576301087  533.366556895031  532.0964098794472  530.6142252278742  527.932572772714  0.71  1.02  0.88  0.7  1.01  
533.1753072625697  532.7969655983534  533.1586768597472  531.8677418406351  530.3855571890621  527.8078447515436  0.71  1.0  0.89  0.73  1.01  
531.9488150543958  531.6120493972361  531.8906086445164  530.474945604234  529.1382769773595  527.2465686562775  0.61  0.66  1.05  0.67  0.9  
531.740935019112  531.4041693619523  531.6619406057042  530.2254895618936  528.888820935019  527.0594766245222  0.6  0.65  1.04  0.68  0.91  
531.678571008527  531.3625933548957  531.5995765951192  530.1215495442518  528.7640929138489  526.7684445751249  0.6  0.74  0.92  0.74  0.92  
532.3437871214348  532.0070214642751  532.0984886798002  529.5394854454571  527.9741487797708  525.6458923845928  0.74  0.6  0.65  0.74  0.92  
530.8054748603352  530.5102852102322  530.6225404292856  528.5208732725667  527.1842046456925  525.6666803881212  0.61  0.6  0.91  0.87  1.05  
533.071367244928  532.6930255807116  533.0131608350488  531.5974977947661  530.1153131431931  527.5376007056748  0.71  0.99  0.86  0.74  1.05  
533.2376712731551  532.83854160541  533.2002528668039  531.8885298441634  530.4063451925904  527.828632755072  0.71  0.99  0.92  0.71  1.04  
532.011179064981  531.6744134078212  531.9321846515732  530.4541576007057  529.1174889738312  527.1634166421642  0.62  0.67  1.02  0.66  0.92  
531.6369950014703  531.321017347839  531.5580005880624  530.0799735371949  528.7640929138489  526.9763246104087  0.6  0.64  1.04  0.7  0.9  
531.5122669803  531.217077330197  531.2253925316086  528.5624492796237  527.0386886209938  525.1885563069685  0.74  0.74  0.6  1.05  1.05  
530.8054748603352  530.5102852102322  530.6225404292856  528.6456012937372  527.329720670391  525.8953484269333  0.6  0.6  0.97  0.87  1.05  
530.6391708321083  530.3647691855336  530.4354483975303  528.3129932372832  526.9555366068804  525.5003763598941  0.6  0.63  0.86  0.92  1.05  
534.3186474566305  533.9195177888856  534.0733490149958  531.4935577771244  529.824281093796  527.0386886209938  0.9  0.62  0.63  0.75  0.62  
535.9193237283152  535.4786180535137  535.6740252866805  533.031870038224  531.279441340782  528.1612408115259  1.05  0.62  0.9  0.6  0.89  
530.1610467509557  529.9074331079094  529.915748309321  527.5438371067333  526.2279564833873  525.0014642752132  0.6  0.6  0.8  1.05  1.05  
530.7638988532784  530.4687092031754  530.6225404292856  528.9989973537195  527.7454807409586  526.4774125257277  0.6  0.75  1.05  1.05  1.05  
532.9050632167009  532.5475095560129  532.7429167891796  530.7036136430462  529.2214289914732  526.9971126139371  0.77  0.74  0.76  0.89  0.74  
532.676395177889  532.2772655101439  532.7221287856513  531.9093178476917  530.5726492208174  528.3691208468097  0.6  0.81  1.05  0.6  0.75  
532.7595471920024  532.4019935313144  532.5766127609528  530.4541576007057  528.9719729491327  526.6645045574832  0.74  0.6  0.91  0.6  1.02  
536.7508438694501  536.2477741840636  536.6094854454573  534.5701822993237  532.8593296089387  529.6787650690973  1.05  0.75  1.03  0.6  0.76  
525.2550779182594  525.1261922963835  525.2176595119086  524.2593325492502  523.5047280211703  523.38  0.63  0.74  1.05  0.81  1.04  
531.5538429873567  531.217077330197  531.4748485739491  529.9968215230814  528.6809408997352  526.8723845927667  0.6  0.73  1.05  0.74  1.05  
533.6118553366657  533.2335136724492  533.3457688915026  530.9946456924434  529.491673037342  527.5791767127315  0.9  0.6  0.9  1.05  0.6  
535.628291678918  535.1875860041163  535.3829932372834  532.8239900029403  531.0715613054984  527.932572772714  1.05  0.87  0.63  0.92  0.74  
531.2835989414878  530.9676212878564  531.1838165245516  529.7265774772126  528.4938488679801  527.2257806527492  0.6  0.6  1.05  0.96  0.62  
532.3437871214348  532.0070214642751  532.1816406939136  530.2254895618936  528.8472449279624  527.1634166421642  0.74  0.6  0.92  0.96  0.62  
536.1687797706558  535.6657100852689  536.1729373713615  534.9027903557777  533.2958776830343  530.2400411643633  0.92  0.89  1.05  0.6  0.62  
532.0943310790943  531.7575654219346  532.0361246692152  530.5373096148192  529.1798529844162  527.2049926492209  0.65  0.77  1.05  0.74  1.04  
525.6500499852984  525.5003763598941  525.6957835930609  525.3403087327256  524.7312202293442  524.6064922081741  0.65  0.77  1.02  0.73  1.0  
533.4871273154955  533.1295736548075  533.2002528668039  530.6412496324612  529.0551249632462  526.8723845927667  0.92  0.74  0.76  1.05  0.87  
535.9401117318436  535.4786180535137  535.7779653043223  533.7386621581886  532.0693854748602  529.1382769773595  1.05  1.01  0.76  1.05  0.6  
532.9258512202292  532.5475095560129  532.8260688032933  531.2025257277272  529.7411290796825  527.3505086739193  0.71  0.75  0.9  0.67  0.9  
536.4390238165246  535.9567421346661  536.31845339606  534.36230226404  532.6722375771832  529.5540370479271  1.02  0.77  1.05  0.61  0.79  
536.7092678623934  536.2061981770066  536.5679094384005  534.5286062922668  532.7969655983534  529.6579770655688  1.05  0.73  1.04  0.6  0.75  
532.2814231108498  531.9238694501618  532.2440047044989  530.9946456924434  529.6371890620405  527.5791767127315  0.64  0.84  1.04  0.75  0.98  
525.9826580417525  525.8121964128196  526.0699676565717  526.1718288738605  525.6458923845928  525.5003763598941  0.68  0.84  1.03  0.75  0.98  
530.2026227580124  529.886645104381  530.31072037636  529.8928815054396  528.8680329314907  526.3942605116143  1.05  0.87  0.74  0.65  0.74  
526.8349661864158  526.6437165539548  526.8391237871216  526.2134048809172  525.4795883563658  524.8975242575714  0.76  0.75  0.93  0.7  0.9  
532.8634872096442  532.4851455454277  532.7637047927083  531.0777977065568  529.6164010585122  527.329720670391  0.72  0.74  0.91  0.71  0.88  
536.8547838870921  536.3517142017054  536.7342134666276  534.7780623346073  533.0464216406938  529.7827050867393  1.05  0.81  0.98  0.63  0.72  
536.3766598059395  535.8943781240811  536.256089385475  534.3415142605116  532.6514495736549  529.6371890620405  1.02  0.75  1.04  0.63  0.72  
532.572455160247  532.2149014995589  532.5142487503678  531.0154336959718  529.6371890620405  527.5376007056748  0.69  0.79  1.03  0.75  0.97  
536.8132078800352  536.3101381946486  536.6926374595708  534.7156983240222  532.9216936195237  529.2837930020582  1.05  1.03  0.63  0.8  0.62  
536.7300558659218  536.2477741840636  536.6094854454573  534.5078182887385  532.6930255807116  529.0343369597177  1.05  0.99  0.6  0.77  0.62  
533.1960952660984  532.8177536018817  533.0547368421054  531.1817377241988  529.6995530726256  527.329720670391  0.76  0.7  0.92  0.69  0.91  
532.9674272272862  532.6098735665981  532.8468568068216  530.9946456924434  529.5124610408704  527.2257806527492  0.74  0.7  0.91  0.72  0.89  
536.522175830638  536.0191061452514  536.4016054101737  534.4870302852102  532.776177594825  529.6164010585122  1.02  0.78  1.01  0.6  0.75  
532.6140311673037  532.2356895030873  532.5558247574245  531.1401617171418  529.7411290796825  527.5999647162598  0.68  0.78  1.04  0.7  0.97  
525.670837988827  525.5211643634225  525.7581476036462  525.9223728315201  525.4172243457807  525.4172243457807  0.65  0.83  1.05  0.74  1.0  
537.1042399294327  536.5803822405175  537.0044575124964  535.1522463981182  533.337453690091  529.6371890620405  1.05  1.05  0.66  0.76  0.6  
536.6469038518084  536.1438341664216  536.5471214348721  534.7156983240222  532.942481623052  529.325369009115  1.02  1.05  0.66  0.76  0.66  
532.8426992061159  532.4851455454277  532.7013407821229  530.8283416642163  529.3669450161717  527.1426286386358  0.74  0.68  0.95  0.71  0.93  
536.7716318729784  536.2477741840636  536.6718494560425  534.923578359306  533.2127256689209  529.9282211114378  1.02  0.88  0.98  0.63  0.72  
537.1666039400177  536.6427462511025  537.0668215230816  535.2353984122316  533.4621817112615  530.0321611290798  1.05  0.88  0.91  0.63  0.65  
532.4061511320199  532.0693854748602  532.3479447221407  530.8283416642163  529.4500970302851  527.4128726845047  0.68  0.78  1.03  0.76  0.98  
536.6884798588651  536.2061981770066  536.5679094384005  534.5078182887385  532.7138135842399  529.0967009703028  1.05  1.03  0.61  0.81  0.63  
536.8755718906204  536.3517142017054  536.7965774772126  535.0067303734195  533.2127256689209  529.491673037342  1.02  1.05  0.63  0.73  0.6  
532.9674272272862  532.6098735665981  532.8260688032933  530.9322816818583  529.4500970302851  527.1218406351072  0.75  0.72  0.87  0.74  0.88  
532.9466392237579  532.5682975595412  532.8260688032933  531.0362216995001  529.5540370479271  527.267356659806  0.74  0.74  0.91  0.73  0.91  
536.7924198765069  536.2685621875919  536.6926374595708  534.9859423698911  533.2543016759776  529.9490091149661  1.02  0.91  0.94  0.66  0.68  
537.125027932961  536.5803822405175  537.0668215230816  535.4640664510438  533.7324257571303  530.3855571890621  1.02  0.91  1.01  0.6  0.68  
532.4269391355485  532.0693854748602  532.3479447221407  530.807553660688  529.4293090267568  527.392084680976  0.69  0.79  1.03  0.78  1.0  
537.0418759188474  536.5180182299324  536.9420935019114  535.0067303734195  533.2127256689209  529.4708850338135  1.05  1.04  0.64  0.76  0.62  
536.9587239047339  536.4348662158187  536.8797294913261  535.0275183769478  533.2335136724492  529.5332490443988  1.03  1.05  0.65  0.75  0.61  
526.7518141723024  526.5813525433695  526.755971773008  525.7352807997648  524.8351602469862  523.816548074096  0.76  0.75  0.9  0.75  0.89  
537.125027932961  536.5803822405175  537.0460335195531  535.360126433402  533.6284857394883  530.2816171714203  1.04  0.9  1.0  0.64  0.67  
537.52  536.9753543075565  537.4617935901207  535.7966745074976  534.0442458100558  530.5934372243458  1.05  0.89  0.99  0.6  0.62  
532.9882152308146  532.6098735665981  532.9092208174068  531.368829755954  529.9490091149661  527.7246927374302  0.73  0.8  1.04  0.74  0.98  
532.6348191708321  532.2772655101439  532.5350367538961  530.9530696853867  529.5332490443988  527.392084680976  0.7  0.77  1.01  0.74  0.98  
536.9587239047339  536.4348662158187  536.8589414877978  535.0067303734195  533.2335136724492  529.6164010585122  1.04  1.04  0.69  0.78  0.6  
537.083451925904  536.5595942369891  537.0044575124964  535.1730344016465  533.3582416936193  529.6371890620405  1.04  1.05  0.68  0.73  0.63  
533.4039753013819  533.0256336371655  533.3041928844459  531.5974977947661  530.1153131431931  527.6415407233166  0.76  0.78  0.91  0.71  0.88  
537.0002999117906  536.4764422228754  536.9420935019114  535.3393384298736  533.6284857394883  530.4063451925904  1.02  0.86  1.03  0.63  0.6  
526.1073860629227  525.93692443399  526.1531196706852  525.9223728315201  525.3132843281387  525.0638282857984  0.69  0.8  1.03  0.72  1.01  
532.5932431637754  532.2356895030873  532.5142487503678  530.973857688915  529.5540370479271  527.433660688033  0.7  0.8  1.03  0.74  1.03  
536.8339958835638  536.3309261981769  536.7342134666276  534.7780623346073  532.9840576301087  529.325369009115  1.04  1.04  0.63  0.78  0.62  
537.021087915319  536.4972302264039  536.9005174948544  535.0067303734195  533.1919376653925  529.491673037342  1.05  1.05  0.64  0.77  0.61  
533.4247633049102  533.0256336371655  533.3249808879743  531.6390738018229  530.1568891502499  527.7039047339018  0.77  0.79  0.9  0.74  0.84  
533.570279329609  533.1919376653925  533.4497089091444  531.6182857982946  530.0945251396648  527.6415407233166  0.8  0.78  0.91  0.76  0.88  
533.8613113790062  533.4621817112615  533.76152896207  532.0340458688621  530.5102852102322  527.932572772714  0.8  0.79  0.91  0.7  0.83  
