6 5 135
529.5	529.282	529.088	526.979	526.412	522.162	
535.61 	535.20	535.13  532.11  530.81  525.35  0.80    0.80    0.80    0.80    0.80
536.22	535.79	535.74	532.71	531.36	525.70	0.91	0.89	0.72	0.83	0.68
535.16	534.77	534.70	531.80	530.56	525.32	0.70	0.66	1.03	0.69	0.89
535.28	534.89	534.77	531.61	530.30	524.93	0.79	0.80	0.67	0.93	0.84
535.00	534.61	534.57	531.84	530.60	525.27	0.65	1.02	0.85	0.90	0.98
535.78	535.36	535.30	532.40	531.13	525.86	0.85	0.79	0.99	0.98	0.61
536.12	535.70	535.60	532.44	531.13	525.79	0.97	0.70	1.03	0.94	0.76
536.03	535.61	535.58	532.75	531.44	525.90	0.86	1.05	1.01	0.83	1.05
534.71	534.33	534.27	531.44	530.20	524.91	0.60	0.86	0.74	0.83	0.86
535.55	535.15	535.05	531.94	530.63	525.23	0.83	0.79	0.90	0.82	1.03
536.92	536.48	536.41	533.13	531.71	525.92	1.04	0.61	0.80	0.60	0.60
536.07	535.64	535.66	532.99	531.68	526.00	0.77	0.88	0.80	0.60	0.60
536.29	535.87	535.72	532.20	530.81	525.29	1.04	0.60	0.76	0.89	0.76
535.55	535.14	535.14	532.44	531.16	525.59	0.71	1.02	0.88	0.68	1.01
535.67	535.26	535.24	532.45	531.15	525.56	0.76	1.02	0.86	0.72	1.03
535.39	534.99	534.92	531.99	530.74	525.45	0.74	0.60	1.05	0.63	0.84
535.05	534.67	534.57	531.54	530.26	524.95	0.74	0.93	0.76	0.96	1.05
535.01	534.62	534.58	531.86	530.66	525.55	0.63	0.60	1.05	0.71	0.60
536.89	536.45	536.36	532.94	531.48	525.48	1.05	0.74	0.60	0.60	0.80
535.03	534.64	534.61	531.93	530.73	525.56	0.63	0.74	1.05	0.75	0.74
535.59	535.17	535.18	532.52	531.24	525.67	0.71	1.03	0.89	0.68	0.97
535.45	535.04	535.03	532.33	531.04	525.48	0.69	1.01	0.84	0.67	1.01
535.52	535.12	535.08	532.26	530.99	525.56	0.74	0.79	1.05	0.60	1.03
534.78	534.40	534.35	531.62	530.41	525.22	0.60	0.79	0.90	0.82	0.76
534.88	534.49	534.43	531.63	530.41	525.17	0.60	0.60	0.92	0.60	0.74
536.15	535.72	535.76	533.21	531.93	526.40	0.77	0.87	1.05	0.62	0.60
535.15	534.75	534.76	532.25	531.04	525.70	0.60	0.87	1.05	0.62	0.87
535.31	534.91	534.90	532.20	530.93	525.43	0.67	0.98	0.86	0.69	0.99
535.70	535.28	535.29	532.62	531.34	525.76	0.73	1.05	0.92	0.69	0.99
534.82	534.44	534.37	531.55	530.35	525.22	0.62	0.65	1.05	0.71	0.87
534.98	534.60	534.49	531.53	530.33	525.40	0.74	0.60	1.05	1.05	0.60
534.82	534.44	534.38	531.59	530.38	525.22	0.60	0.60	1.05	0.60	0.87
534.40	534.04	533.93	530.98	529.77	524.77	0.60	0.74	0.78	1.02	0.74
534.61	534.25	534.06	530.70	529.43	524.41	0.74	0.60	0.78	1.02	1.01
535.58	535.17	535.16	532.46	531.18	525.65	0.73	1.04	0.91	0.74	1.00
534.72	534.34	534.27	531.45	530.24	525.10	0.60	0.67	1.01	0.70	0.91
534.84	534.46	534.40	531.62	530.41	525.25	0.61	0.65	1.05	0.66	0.87
535.22	534.83	534.74	531.72	530.44	525.11	0.74	0.74	0.92	0.74	1.01
534.25	533.89	533.74	530.63	529.42	524.47	0.60	0.60	0.92	0.89	1.05
535.42	535.04	534.86	531.35	530.00	524.64	0.87	0.60	0.65	0.89	0.87
535.52	535.11	535.11	532.42	531.14	525.60	0.71	1.03	0.90	0.70	1.02
535.37	534.97	534.96	532.27	531.01	525.52	0.69	1.02	0.90	0.73	1.01
531.66	531.37	531.27	529.11	528.35	524.57	0.61	0.68	1.05	0.67	0.92
534.82	534.44	534.37	531.54	530.33	525.17	0.62	0.63	1.04	0.66	0.90
535.23	534.84	534.76	531.82	530.56	525.30	0.74	0.74	1.05	0.74	1.05
535.58	535.17	535.14	532.35	531.09	525.69	0.74	0.74	1.05	0.60	0.87
535.05	534.67	534.55	531.45	530.20	525.04	0.74	0.60	1.05	0.75	1.05
535.56	535.15	535.14	532.43	531.15	525.61	0.72	1.03	0.90	0.71	1.02
535.34	534.94	534.93	532.21	530.94	525.45	0.68	1.00	0.88	0.71	1.03
534.83	534.45	534.39	531.60	530.39	525.21	0.61	0.67	1.01	0.67	0.87
534.85	534.47	534.41	531.55	530.29	524.90	0.60	0.74	0.78	0.60	0.92
535.16	534.78	534.65	531.40	530.09	524.67	0.74	0.60	0.78	0.60	1.05
534.32	533.96	533.83	530.77	529.56	524.58	0.60	0.61	0.93	0.86	1.02
535.53	535.12	535.11	532.39	531.11	525.57	0.71	1.02	0.88	0.70	1.01
535.43	535.03	535.01	532.28	531.00	525.51	0.71	1.00	0.89	0.73	1.01
534.84	534.46	534.40	531.61	530.40	525.24	0.61	0.66	1.05	0.67	0.90
534.74	534.36	534.29	531.49	530.28	525.15	0.60	0.65	1.04	0.68	0.91
534.71	534.34	534.26	531.44	530.22	525.01	0.60	0.74	0.92	0.74	0.92
535.03	534.65	534.50	531.16	529.84	524.47	0.74	0.60	0.65	0.74	0.92
534.29	533.93	533.79	530.67	529.46	524.48	0.61	0.60	0.91	0.87	1.05
535.38	534.98	534.94	532.15	530.87	525.38	0.71	0.99	0.86	0.74	1.05
535.46	535.05	535.03	532.29	531.01	525.52	0.71	0.99	0.92	0.71	1.04
534.87	534.49	534.42	531.60	530.39	525.20	0.62	0.67	1.02	0.66	0.92
534.69	534.32	534.24	531.42	530.22	525.11	0.60	0.64	1.04	0.70	0.90
534.63	534.27	534.08	530.69	529.39	524.25	0.74	0.74	0.60	1.05	1.05
534.29	533.93	533.79	530.73	529.53	524.59	0.60	0.60	0.97	0.87	1.05
534.21	533.86	533.70	530.57	529.35	524.40	0.60	0.63	0.86	0.92	1.05
535.98	535.57	535.45	532.10	530.73	525.14	0.90	0.62	0.63	0.75	0.62
536.75	536.32	536.22	532.84	531.43	525.68	1.05	0.62	0.90	0.60	0.89
533.98	533.64	533.45	530.20	529.00	524.16	0.60	0.60	0.80	1.05	1.05
534.27	533.91	533.79	530.90	529.73	524.87	0.60	0.75	1.05	1.05	1.05
535.30	534.91	534.81	531.72	530.44	525.12	0.77	0.74	0.76	0.89	0.74
535.19	534.78	534.80	532.30	531.09	525.78	0.60	0.81	1.05	0.60	0.75
535.23	534.84	534.73	531.60	530.32	524.96	0.74	0.60	0.91	0.60	1.02
537.15	536.69	536.67	533.58	532.19	526.41	1.05	0.75	1.03	0.60	0.76
531.62	531.34	531.19	528.62	527.69	523.38	0.63	0.74	1.05	0.81	1.04
534.65	534.27	534.20	531.38	530.18	525.06	0.60	0.73	1.05	0.74	1.05
535.64	535.24	535.10	531.86	530.57	525.40	0.90	0.60	0.90	1.05	0.60
536.61	536.18	536.08	532.74	531.33	525.57	1.05	0.87	0.63	0.92	0.74
534.52	534.15	534.06	531.25	530.09	525.23	0.60	0.60	1.05	0.96	0.62
535.03	534.65	534.54	531.49	530.26	525.20	0.74	0.60	0.92	0.96	0.62
536.87	536.41	536.46	533.74	532.40	526.68	0.92	0.89	1.05	0.60	0.62
534.91	534.53	534.47	531.64	530.42	525.22	0.65	0.77	1.05	0.74	1.04
531.81	531.52	531.42	529.14	528.28	523.97	0.65	0.77	1.02	0.73	1.00
535.58	535.19	535.03	531.69	530.36	525.06	0.92	0.74	0.76	1.05	0.87
536.76	536.32	536.27	533.18	531.81	526.15	1.05	1.01	0.76	1.05	0.60
535.31	534.91	534.85	531.96	530.69	525.29	0.71	0.75	0.90	0.67	0.90
537.00	536.55	536.53	533.48	532.10	526.35	1.02	0.77	1.05	0.61	0.79
537.13	536.67	536.65	533.56	532.16	526.40	1.05	0.73	1.04	0.60	0.75
535.00	534.61	534.57	531.86	530.64	525.40	0.64	0.84	1.04	0.75	0.98
531.97	531.67	531.60	529.54	528.72	524.40	0.68	0.84	1.03	0.75	0.98
534.00	533.63	533.64	531.33	530.27	524.83	1.05	0.87	0.74	0.65	0.74
532.38	532.07	531.97	529.56	528.64	524.11	0.76	0.75	0.93	0.70	0.90
535.28	534.88	534.82	531.90	530.63	525.28	0.72	0.74	0.91	0.71	0.88
537.20	536.74	536.73	533.68	532.28	526.46	1.05	0.81	0.98	0.63	0.72
536.97	536.52	536.50	533.47	532.09	526.39	1.02	0.75	1.04	0.63	0.72
535.14	534.75	534.70	531.87	530.64	525.38	0.69	0.79	1.03	0.75	0.97
537.18	536.72	536.71	533.65	532.22	526.22	1.05	1.03	0.63	0.80	0.62
537.14	536.69	536.67	533.55	532.11	526.10	1.05	0.99	0.60	0.77	0.62
535.44	535.04	534.96	531.95	530.67	525.28	0.76	0.70	0.92	0.69	0.91
535.33	534.94	534.86	531.86	530.58	525.23	0.74	0.70	0.91	0.72	0.89
537.04	536.58	536.57	533.54	532.15	526.38	1.02	0.78	1.01	0.60	0.75
535.16	534.76	534.72	531.93	530.69	525.41	0.68	0.78	1.04	0.70	0.97
531.82	531.53	531.45	529.42	528.61	524.36	0.65	0.83	1.05	0.74	1.00
537.32	536.85	536.86	533.86	532.42	526.39	1.05	1.05	0.66	0.76	0.60
537.10	536.64	536.64	533.65	532.23	526.24	1.02	1.05	0.66	0.76	0.66
535.27	534.88	534.79	531.78	530.51	525.19	0.74	0.68	0.95	0.71	0.93
537.16	536.69	536.70	533.75	532.36	526.53	1.02	0.88	0.98	0.63	0.72
537.35	536.88	536.89	533.90	532.48	526.58	1.05	0.88	0.91	0.63	0.65
535.06	534.68	534.62	531.78	530.55	525.32	0.68	0.78	1.03	0.76	0.98
537.12	536.67	536.65	533.55	532.12	526.13	1.05	1.03	0.61	0.81	0.63
537.21	536.74	536.76	533.79	532.36	526.32	1.02	1.05	0.63	0.73	0.60
535.33	534.94	534.85	531.83	530.55	525.18	0.75	0.72	0.87	0.74	0.88
535.32	534.92	534.85	531.88	530.60	525.25	0.74	0.74	0.91	0.73	0.91
537.17	536.70	536.71	533.78	532.38	526.54	1.02	0.91	0.94	0.66	0.68
537.33	536.85	536.89	534.01	532.61	526.75	1.02	0.91	1.01	0.60	0.68
535.07	534.68	534.62	531.77	530.54	525.31	0.69	0.79	1.03	0.78	1.00
537.29	536.82	536.83	533.79	532.36	526.31	1.05	1.04	0.64	0.76	0.62
537.25	536.78	536.80	533.80	532.37	526.34	1.03	1.05	0.65	0.75	0.61
532.34	532.04	531.93	529.33	528.33	523.59	0.76	0.75	0.90	0.75	0.89
537.33	536.85	536.88	533.96	532.56	526.70	1.04	0.90	1.00	0.64	0.67
537.52	537.04	537.08	534.17	532.76	526.85	1.05	0.89	0.99	0.60	0.62
535.34	534.94	534.89	532.04	530.79	525.47	0.73	0.80	1.04	0.74	0.98
535.17	534.78	534.71	531.84	530.59	525.31	0.70	0.77	1.01	0.74	0.98
537.25	536.78	536.79	533.79	532.37	526.38	1.04	1.04	0.69	0.78	0.60
537.31	536.84	536.86	533.87	532.43	526.39	1.04	1.05	0.68	0.73	0.63
535.54	535.14	535.08	532.15	530.87	525.43	0.76	0.78	0.91	0.71	0.88
537.27	536.80	536.83	533.95	532.56	526.76	1.02	0.86	1.03	0.63	0.60
532.03	531.73	531.64	529.42	528.56	524.19	0.69	0.80	1.03	0.72	1.01
535.15	534.76	534.70	531.85	530.60	525.33	0.70	0.80	1.03	0.74	1.03
537.19	536.73	536.73	533.68	532.25	526.24	1.04	1.04	0.63	0.78	0.62
537.28	536.81	536.81	533.79	532.35	526.32	1.05	1.05	0.64	0.77	0.61
535.55	535.14	535.09	532.17	530.89	525.46	0.77	0.79	0.90	0.74	0.84
535.62	535.22	535.15	532.16	530.86	525.43	0.80	0.78	0.91	0.76	0.88
535.76	535.35	535.30	532.36	531.06	525.57	0.80	0.79	0.91	0.70	0.83

