2 6 100 5 101
0.7298444130127342  0.6718528995756805  0.6619519094766635  0.23479490806223846  0.050919377652044906  -0.7213578500707172  -0.11111111111111094  -0.11111111111111094  -0.11111111111111094  -0.11111111111111094  -0.11111111111111094  
0.8161244695898224  0.7553041018387525  0.7482319660537518  0.3196605374823267  0.12871287128713238  -0.6718528995756645  0.37777777777777777  0.28888888888888875  -0.4666666666666668  0.02222222222222192  -0.6444444444444442  
0.666195190947664  0.6110325318246106  0.6011315417256098  0.19094766619518633  0.015558698727009546  -0.7256011315417177  -0.5555555555555558  -0.7333333333333332  0.911111111111111  -0.6000000000000002  0.28888888888888875  
0.6831683168316816  0.6280056577086284  0.6110325318246106  0.16407355021216774  -0.021216407355026057  -0.780763790664787  -0.15555555555555545  -0.11111111111111094  -0.6888888888888887  0.4666666666666668  0.06666666666666643  
0.6435643564356457  0.5884016973125925  0.582743988684592  0.19660537482320284  0.021216407355026057  -0.7326732673267343  -0.7777777777777777  0.8666666666666665  0.11111111111111094  0.33333333333333326  0.6888888888888887  
0.7538896746817523  0.6944837340876986  0.6859971711456818  0.27581329561527457  0.09618104667609728  -0.6492220650636463  0.11111111111111094  -0.15555555555555545  0.7333333333333332  0.6888888888888887  -0.9555555555555555  
0.6025459688826098  0.5487977369165566  0.5403111739745399  0.14002828854314942  -0.03536067892502737  -0.7835926449787872  -1.0  0.15555555555555545  -0.37777777777777777  0.02222222222222192  0.15555555555555545  
0.9151343705799118  0.8528995756718578  0.842998585572841  0.3790664780763804  0.17821782178218504  -0.6407355021216455  0.9555555555555555  -0.9555555555555555  -0.11111111111111094  -1.0  -1.0  
0.7949080622348044  0.7340876944837345  0.7369165487977347  0.35926449787836257  0.17397454031116877  -0.6294200848656284  -0.24444444444444435  0.24444444444444446  -0.11111111111111094  -1.0  -1.0  
0.8260254596888232  0.7666195190947696  0.7454031117397515  0.24752475247525574  0.050919377652044906  -0.7298444130127341  0.9555555555555555  -1.0  -0.28888888888888886  0.28888888888888875  -0.28888888888888886  
0.7213578500707172  0.6633663366336637  0.6633663366336637  0.2814710042432911  0.10042432814709756  -0.687411598302682  -0.5111111111111113  0.8666666666666665  0.24444444444444446  -0.6444444444444442  0.8222222222222222  
0.738330975954735  0.6803394625176813  0.677510608203681  0.2828854314002911  0.09900990099009754  -0.6916548797736984  -0.28888888888888886  0.8666666666666665  0.15555555555555545  -0.4666666666666668  0.911111111111111  
0.6987270155586991  0.6421499292786457  0.6322489391796287  0.2178217821782209  0.04101838755304388  -0.7072135785006999  -0.37777777777777777  -1.0  1.0  -0.8666666666666666  0.06666666666666643  
0.6449787835926459  0.5898161244695925  0.5841584158415922  0.1994342291372031  0.029702970297026843  -0.6930693069306986  -0.8666666666666666  -1.0  1.0  -0.5111111111111113  -1.0  
0.9108910891089115  0.8486562942008575  0.8359264497878403  0.3521923620933618  0.14568599717114994  -0.7029702970296995  1.0  -0.37777777777777777  -1.0  -1.0  -0.11111111111111094  
0.6478076379066462  0.5926449787835928  0.5884016973125925  0.20933521923620413  0.03960396039604386  -0.6916548797736984  -0.8666666666666666  -0.37777777777777777  1.0  -0.33333333333333337  -0.37777777777777777  
0.7270155586987339  0.667609618104664  0.6690240452616643  0.2927864214992921  0.11173974540311482  -0.676096181046681  -0.5111111111111113  0.911111111111111  0.28888888888888875  -0.6444444444444442  0.6444444444444442  
0.7072135785007159  0.6492220650636462  0.6478076379066462  0.26591230551627354  0.08345120226308  -0.7029702970296995  -0.6000000000000002  0.8222222222222222  0.06666666666666643  -0.6888888888888887  0.8222222222222222  
0.7171145685997169  0.6605374823196635  0.654879773691663  0.2560113154172565  0.07637906647807924  -0.6916548797736984  -0.37777777777777777  -0.15555555555555545  1.0  -1.0  0.911111111111111  
0.8062234794908054  0.7454031117397515  0.751060820367752  0.3903818953323974  0.20933521923620413  -0.572842998585575  -0.24444444444444435  0.19999999999999996  1.0  -0.9111111111111111  -1.0  
0.6874115983026821  0.6308345120226286  0.6294200848656284  0.24752475247525574  0.06789250353606247  -0.7100424328147161  -0.6888888888888887  0.6888888888888887  0.15555555555555545  -0.6000000000000002  0.7333333333333332  
0.7425742574257512  0.6831683168316816  0.6845827439886818  0.3069306930693094  0.12588401697313212  -0.6633663366336637  -0.4222222222222223  1.0  0.4222222222222223  -0.6000000000000002  0.7333333333333332  
0.6181046676096273  0.5643564356435742  0.5544554455445572  0.15558698727015097  -0.014144271570009304  -0.739745403111735  -0.9111111111111111  -0.7777777777777777  1.0  -0.5111111111111113  0.19999999999999996  
0.5884016973125925  0.5374823196605396  0.510608203677505  0.035360678925043354  -0.14427157001414992  -0.854314002828858  -0.37777777777777777  -1.0  -0.19999999999999996  0.8666666666666665  0.8222222222222222  
0.7256011315417337  0.667609618104664  0.666195190947664  0.28429985855729134  0.10325318246109783  -0.6789250353606812  -0.4222222222222223  0.9555555555555555  0.37777777777777777  -0.37777777777777777  0.7777777777777777  
0.60396039603961  0.5502121640735569  0.5403111739745399  0.14144271570014966  -0.029702970297026843  -0.7567185289957526  -1.0  -0.6888888888888887  0.8222222222222222  -0.5555555555555558  0.37777777777777777  
0.6209335219236276  0.5671852899575744  0.5586987270155577  0.16548797736916798  -0.005657708628008518  -0.7355021216407346  -0.9555555555555555  -0.7777777777777777  1.0  -0.7333333333333332  0.19999999999999996  
0.6746817538896808  0.6195190947666276  0.6067892503536103  0.17963224893918528  -0.0014144271569921374  -0.7553041018387525  -0.37777777777777777  -0.37777777777777777  0.4222222222222223  -0.37777777777777777  0.8222222222222222  
0.5374823196605396  0.4865629420084867  0.46534653465346865  0.02545968882602634  -0.14568599717115005  -0.8458274398868412  -1.0  -1.0  0.4222222222222223  0.28888888888888875  1.0  
0.7029702970296994  0.6492220650636462  0.6237623762376279  0.12729844413013214  -0.06364922206506207  -0.821782178217823  0.19999999999999996  -1.0  -0.7777777777777777  0.28888888888888875  0.19999999999999996  
0.7171145685997169  0.6591230551626632  0.6591230551626632  0.27864214992927483  0.0975954738330973  -0.6859971711456818  -0.5111111111111113  0.911111111111111  0.33333333333333326  -0.5555555555555558  0.8666666666666665  
0.1711456859971685  0.1301272984441324  0.1159830268741151  -0.1895332390381862  -0.2970297029702925  -0.8316831683168238  -0.9555555555555555  -0.6444444444444442  1.0  -0.6888888888888887  0.4222222222222223  
0.6181046676096273  0.5643564356435742  0.5544554455445572  0.15417256011315073  -0.016973125884009566  -0.7468175388967517  -0.9111111111111111  -0.8666666666666666  0.9555555555555555  -0.7333333333333332  0.33333333333333326  
0.676096181046681  0.6209335219236276  0.6096181046676106  0.19377652050920258  0.015558698727009546  -0.7284299858557339  -0.37777777777777777  -0.37777777777777777  1.0  -0.37777777777777777  1.0  
0.6506364922206465  0.5968882602545933  0.5799151343705757  0.14144271570014966  -0.03536067892502737  -0.7652050919377695  -0.37777777777777777  -1.0  1.0  -0.33333333333333337  1.0  
0.7227722772277174  0.6647807637906638  0.6633663366336637  0.28005657708627485  0.09900990099009754  -0.6845827439886817  -0.4666666666666668  0.911111111111111  0.33333333333333326  -0.5111111111111113  0.8666666666666665  
0.6916548797736983  0.6350777934936451  0.6336633663366289  0.24893917963225598  0.0693069306930787  -0.7072135785006999  -0.6444444444444442  0.7777777777777777  0.24444444444444446  -0.5111111111111113  0.911111111111111  
0.6195190947666276  0.5657708628005744  0.5572842998585574  0.16265912305516772  -0.00848656294200878  -0.7411598302687351  -0.9555555555555555  -0.6888888888888887  0.8222222222222222  -0.6888888888888887  0.19999999999999996  
0.666195190947664  0.6124469589816108  0.594059405940593  0.1343705799151329  -0.050919377652044906  -0.8175388967468225  -0.37777777777777777  -1.0  -0.19999999999999996  -1.0  1.0  
0.5473833097595566  0.4964639321075037  0.4780763790664859  0.04526166902404438  -0.12588401697313212  -0.8302687411598237  -1.0  -0.9555555555555555  0.4666666666666668  0.15555555555555545  0.8666666666666665  
0.7185289957567169  0.6605374823196635  0.6591230551626632  0.2743988684582743  0.09335219236209702  -0.6902404526166822  -0.5111111111111113  0.8666666666666665  0.24444444444444446  -0.5555555555555558  0.8222222222222222  
0.7043847241866996  0.6478076379066462  0.6449787835926459  0.2588401697312568  0.07779349363507948  -0.6987270155586991  -0.5111111111111113  0.7777777777777777  0.28888888888888875  -0.4222222222222223  0.8222222222222222  
0.6025459688826098  0.5502121640735569  0.5388967468175396  0.14002828854314942  -0.032531824611027105  -0.7694483734087698  -1.0  -0.37777777777777777  0.4222222222222223  -0.37777777777777777  0.4222222222222223  
0.6478076379066462  0.594059405940593  0.572842998585575  0.10042432814709756  -0.08628005657708027  -0.8458274398868412  -0.37777777777777777  -1.0  -0.7777777777777777  -0.37777777777777777  0.4222222222222223  
0.5431400282885401  0.49222065063648723  0.4724186704384694  0.031117397454026863  -0.14002828854313343  -0.844413012729841  -0.9555555555555555  -1.0  0.37777777777777777  0.19999999999999996  1.0  
0.7086280056577161  0.6506364922206465  0.6478076379066462  0.26025459688825703  0.0792079207920795  -0.697312588401699  -0.5111111111111113  0.7333333333333332  0.4222222222222223  -0.5111111111111113  0.9555555555555555  
0.6251768033946281  0.571428571428575  0.5615275813295579  0.16265912305516772  -0.00848656294200878  -0.7425742574257352  -0.9111111111111111  -0.6888888888888887  0.8666666666666665  -0.7333333333333332  0.4222222222222223  
0.5997171145686095  0.5473833097595566  0.5360678925035396  0.13719943422913317  -0.032531824611027105  -0.7553041018387525  -1.0  -0.8222222222222221  0.9555555555555555  -0.5555555555555558  0.33333333333333326  
0.5912305516265928  0.5403111739745399  0.5134370579915213  0.033946251768043334  -0.14992927864215044  -0.8769448373408761  -0.37777777777777777  -0.37777777777777777  -1.0  1.0  1.0  
0.5431400282885401  0.49222065063648723  0.4724186704384694  0.03960396039604386  -0.1301272984441325  -0.8288543140028235  -1.0  -1.0  0.6444444444444442  0.19999999999999996  1.0  
0.7821782178217871  0.7241867043847336  0.7072135785007159  0.23338048090523844  0.03960396039604386  -0.7510608203677521  0.33333333333333326  -0.9111111111111111  -0.8666666666666666  -0.33333333333333337  -0.9111111111111111  
0.499292786421504  0.45120226308345135  0.42432814710043276  -0.03536067892502737  -0.20509193776520374  -0.8896746817538934  -1.0  -1.0  -0.11111111111111094  1.0  1.0  
0.5403111739745399  0.48939179632248697  0.4724186704384694  0.06364922206506218  -0.1018387553040978  -0.7892503536067877  -1.0  -0.33333333333333337  1.0  1.0  1.0  
0.6859971711456818  0.6308345120226286  0.6166902404526111  0.17963224893918528  -0.0014144271569921374  -0.7538896746817524  -0.24444444444444435  -0.37777777777777777  -0.28888888888888886  0.28888888888888875  -0.37777777777777777  
0.676096181046681  0.6209335219236276  0.6053748231966101  0.16265912305516772  -0.018387553041009697  -0.7765205091937706  -0.37777777777777777  -1.0  0.37777777777777777  -1.0  0.8666666666666665  
0.9476661951909471  0.8826025459688929  0.8797736916548764  0.44271570014145056  0.24611032531825572  -0.571428571428575  1.0  -0.33333333333333337  0.911111111111111  -1.0  -0.28888888888888886  
0.16548797736916798  0.12588401697313212  0.10466760961811405  -0.2588401697312568  -0.39038189533238143  -1.0  -0.8666666666666666  -0.37777777777777777  1.0  -0.06666666666666643  0.9555555555555555  
0.594059405940593  0.5403111739745399  0.5304101838755391  0.13154172560113264  -0.03818953323904373  -0.7623762376237693  -1.0  -0.4222222222222223  1.0  -0.37777777777777777  1.0  
0.7340876944837345  0.677510608203681  0.6577086280056632  0.1994342291372031  0.016973125884025775  -0.7142857142857166  0.33333333333333326  -1.0  0.33333333333333326  1.0  -1.0  
0.8712871287128756  0.8104667609618057  0.7963224893918044  0.3239038189533272  0.12446958981613188  -0.6902404526166822  1.0  0.19999999999999996  -0.8666666666666666  0.4222222222222223  -0.37777777777777777  
0.5756718528995752  0.5233380480905223  0.510608203677505  0.11315417256011484  -0.050919377652044906  -0.7383309759547348  -1.0  -1.0  1.0  0.5999999999999996  -0.9111111111111111  
0.9080622347949112  0.842998585572841  0.8500707213578576  0.46534653465346865  0.27581329561527457  -0.5332390381895392  0.4222222222222223  0.28888888888888875  1.0  -1.0  -0.9111111111111111  
0.6308345120226286  0.5770862800565755  0.5685997171145747  0.16831683168316824  -0.004243281471008387  -0.739745403111735  -0.7777777777777777  -0.24444444444444435  1.0  -0.37777777777777777  0.9555555555555555  
0.19236209335218635  0.15134370579915046  0.13719943422913317  -0.1852899575671858  -0.3069306930693094  -0.916548797736912  -0.7777777777777777  -0.24444444444444435  0.8666666666666665  -0.4222222222222223  0.7777777777777777  
0.7256011315417337  0.6704384724186805  0.6478076379066462  0.17538896746818478  -0.012729844413009173  -0.7623762376237693  0.4222222222222223  -0.37777777777777777  -0.28888888888888886  1.0  0.19999999999999996  
0.8925035360678937  0.8302687411598397  0.823196605374823  0.38613861386138115  0.19236209335218635  -0.6082036775106103  1.0  0.8222222222222222  -0.28888888888888886  1.0  -1.0  
0.6874115983026821  0.6308345120226286  0.6223479490806278  0.21357850070722062  0.033946251768043334  -0.7298444130127341  -0.5111111111111113  -0.33333333333333337  0.33333333333333326  -0.6888888888888887  0.33333333333333326  
0.926449787835929  0.8628005657708588  0.8599717114568586  0.42857142857143327  0.23338048090523844  -0.5799151343705756  0.8666666666666665  -0.24444444444444435  1.0  -0.9555555555555555  -0.15555555555555545  
0.9448373408769468  0.8797736916548764  0.8769448373408761  0.4398868458274341  0.24186704384723923  -0.572842998585575  1.0  -0.4222222222222223  0.9555555555555555  -1.0  -0.33333333333333337  
0.6435643564356457  0.5884016973125925  0.582743988684592  0.1994342291372031  0.02687411598302658  -0.7142857142857166  -0.8222222222222221  0.06666666666666643  0.9555555555555555  -0.33333333333333337  0.6888888888888887  
0.5021216407355042  0.4497878359264511  0.45120226308345135  0.12446958981613188  -0.02545968882602645  -0.7949080622347883  1.0  0.19999999999999996  -0.37777777777777777  -0.7777777777777777  -0.37777777777777777  
0.2729844413012743  0.22913719943423794  0.21499292786422064  -0.12588401697313212  -0.25601131541725664  -0.8967468175388941  -0.28888888888888886  -0.33333333333333337  0.4666666666666668  -0.5555555555555558  0.33333333333333326  
0.6831683168316816  0.6265912305516281  0.6181046676096273  0.20509193776520362  0.02545968882602634  -0.7312588401697342  -0.4666666666666668  -0.37777777777777777  0.37777777777777777  -0.5111111111111113  0.24444444444444446  
0.9547383309759636  0.8896746817538934  0.8882602545968934  0.4568599717114519  0.2588401697312568  -0.5643564356435582  1.0  -0.06666666666666643  0.6888888888888887  -0.8666666666666666  -0.4666666666666668  
0.9222065063649285  0.8585572842998583  0.8557284299858581  0.427157001414433  0.2319660537482382  -0.5742574257425752  0.8666666666666665  -0.33333333333333337  0.9555555555555555  -0.8666666666666666  -0.4666666666666668  
0.9462517680339468  0.8826025459688929  0.8797736916548764  0.43847241867043407  0.23479490806223846  -0.6152758132956111  1.0  0.7333333333333332  -1.0  -0.24444444444444435  -0.9111111111111111  
0.9405940594059463  0.8755304101838761  0.8755304101838761  0.45261669024045137  0.25176803394625624  -0.5954738330975932  0.8666666666666665  1.0  -0.7333333333333332  -0.28888888888888886  -0.7333333333333332  
0.6817538896746815  0.6265912305516281  0.6138613861386109  0.18811881188118607  0.00848656294200878  -0.7439886845827354  -0.37777777777777777  -0.6444444444444442  0.5555555555555551  -0.5111111111111113  0.4666666666666668  
0.6520509193776465  0.5983026874115933  0.5898161244695925  0.18811881188118607  0.014144271570009304  -0.7256011315417177  -0.6444444444444442  -0.19999999999999996  0.911111111111111  -0.28888888888888886  0.6888888888888887  
0.9434229137199466  0.8797736916548764  0.8769448373408761  0.43847241867043407  0.2362093352192387  -0.6110325318246106  1.0  0.911111111111111  -0.9555555555555555  -0.06666666666666643  -0.8666666666666666  
0.9561527581329639  0.8896746817538934  0.8925035360678937  0.4724186704384694  0.27015558698727404  -0.584158415841576  0.8666666666666665  1.0  -0.8666666666666666  -0.4222222222222223  -1.0  
0.6902404526166983  0.6350777934936451  0.6223479490806278  0.19519094766620282  0.014144271570009304  -0.7454031117397516  -0.33333333333333337  -0.4666666666666668  0.19999999999999996  -0.37777777777777777  0.24444444444444446  
0.6888260254596981  0.6322489391796287  0.6223479490806278  0.20226308345120336  0.021216407355026057  -0.7355021216407346  -0.37777777777777777  -0.37777777777777777  0.37777777777777777  -0.4222222222222223  0.37777777777777777  
0.9504950495049471  0.8840169731258929  0.8854314002828931  0.47100424328146917  0.2729844413012743  -0.5530410183875571  0.8666666666666665  0.37777777777777777  0.5111111111111108  -0.7333333333333332  -0.6444444444444442  
0.9731258840169814  0.905233380480911  0.9108910891089115  0.5035360678925043  0.3055162659123094  -0.5233380480905223  0.8666666666666665  0.37777777777777777  0.8222222222222222  -1.0  -0.6444444444444442  
0.6534653465346627  0.5983026874115933  0.5898161244695925  0.18670438472418582  0.012729844413009284  -0.7270155586987339  -0.6000000000000002  -0.15555555555555545  0.911111111111111  -0.19999999999999996  0.7777777777777777  
0.2673267326732738  0.22489391796322167  0.20933521923620413  -0.15841584158415112  -0.2998585572842928  -0.9702970297029652  -0.28888888888888886  -0.33333333333333337  0.33333333333333326  -0.33333333333333337  0.28888888888888875  
0.9731258840169814  0.905233380480911  0.9094766619519112  0.4964639321075037  0.29844413012729265  -0.5304101838755229  0.9555555555555555  0.33333333333333326  0.7777777777777777  -0.8222222222222221  -0.6888888888888887  
1.0  0.9321074964639295  0.937765205091946  0.5261669024045226  0.32673267326732747  -0.5091937765205048  1.0  0.28888888888888875  0.7333333333333332  -1.0  -0.9111111111111111  
0.6916548797736983  0.6350777934936451  0.6280056577086284  0.22489391796322167  0.048090523338044644  -0.7043847241866996  -0.4222222222222223  -0.11111111111111094  0.9555555555555555  -0.37777777777777777  0.6888888888888887  
0.667609618104664  0.6124469589816108  0.6025459688826098  0.19660537482320284  0.019801980198026037  -0.7270155586987339  -0.5555555555555558  -0.24444444444444435  0.8222222222222222  -0.37777777777777777  0.6888888888888887  
0.9618104667609644  0.8953323903818939  0.8967468175388942  0.4724186704384694  0.27157001414427406  -0.5756718528995752  0.9555555555555555  0.9555555555555555  -0.6000000000000002  -0.19999999999999996  -1.0  
0.9702970297029652  0.9038189533239107  0.906647807637911  0.48373408769448645  0.28005657708627485  -0.5742574257425752  0.9555555555555555  1.0  -0.6444444444444442  -0.4222222222222223  -0.8666666666666666  
0.7199434229137172  0.6633663366336637  0.654879773691663  0.24045261669023898  0.05940594059406168  -0.7100424328147161  -0.28888888888888886  -0.19999999999999996  0.37777777777777777  -0.5111111111111113  0.24444444444444446  
0.9646393210749646  0.8981612446958942  0.9024045261669107  0.4950495049505035  0.29844413012729265  -0.5219236209335221  0.8666666666666665  0.15555555555555545  0.911111111111111  -0.8666666666666666  -1.0  
0.22347949080622143  0.1810466760961853  0.16831683168316824  -0.14568599717115005  -0.26732673267327367  -0.8854314002828769  -0.6000000000000002  -0.11111111111111094  0.911111111111111  -0.4666666666666668  0.8222222222222222  
0.6647807637906638  0.6096181046676106  0.6011315417256098  0.19801980198020308  0.021216407355026057  -0.7241867043847174  -0.5555555555555558  -0.11111111111111094  0.911111111111111  -0.37777777777777777  0.911111111111111  
0.9533239038189636  0.8882602545968934  0.8882602545968934  0.4568599717114519  0.2545968882602565  -0.5954738330975932  0.9555555555555555  0.9555555555555555  -0.8666666666666666  -0.19999999999999996  -0.9111111111111111  
0.7213578500707172  0.6633663366336637  0.656294200848663  0.24328147100423925  0.06223479490806194  -0.7057991513436997  -0.24444444444444435  -0.15555555555555545  0.33333333333333326  -0.37777777777777777  0.06666666666666643  
0.7312588401697342  0.6746817538896808  0.6647807637906638  0.24186704384723923  0.05799151343706166  -0.7100424328147161  -0.11111111111111094  -0.19999999999999996  0.37777777777777777  -0.28888888888888886  0.24444444444444446  
0.751060820367752  0.6930693069306986  0.6859971711456818  0.27015558698727404  0.08628005657708027  -0.6902404526166822  -0.11111111111111094  -0.15555555555555545  0.37777777777777777  -0.5555555555555558  0.02222222222222192  
