8.026589838672399  7.678751533044212  8.16035955672567  4.726713755404469  -7.942542394338458  -8.948626823026823  -4.845030512056806  
5.112782630771349  -4.42497250048978  -4.1397784308466266  -4.237250253997875  -3.9875754825740812  -2.982103202667061  4.495707623328414  
-4.079968764303784  1.708834441910234  1.1351926904728198  1.5500090202233752  -0.5831831909340599  -0.8236938380770245  -2.6546800567939317  
5.081462272499243  -0.7206526485975706  -0.5733202779473202  -0.8800711348812797  -0.4199881231675877  0.30400257315347085  2.5635421896189734  
-3.720491237827618  1.4403797942082572  1.4947657639442535  1.6053418246620015  -0.8056254167441562  -1.6823030103750594  -2.424870129528926  
5.310922773166816  -1.385806100340126  -0.4359289463921526  -0.7671720680617627  -1.1050648648072863  0.41798904946576804  1.612103009640176  
-4.141879245410156  1.6057165035948053  0.7851620861808412  1.5578718384214794  -0.7535983546063715  -1.33988283902068  -2.3890222618644232  
4.998962171572195  -1.0113171255901205  -0.7111019360727984  -1.3270542511255072  -0.10686412610619343  0.34735059258143064  2.122086247348888  
-3.662550361727327  1.646109242098633  1.712271448621504  1.7469509171796036  -0.5884394437493421  -1.7027974018889942  -2.974747096801877  
5.26214067413079  -0.9555627289462654  -0.7878076534838133  -1.0630964050901555  0.5762627568787407  0.6234504219199561  2.2849424749725227  
-5.7494701875726495  0.7990175157153674  0.3202120589469621  0.28038067712041176  0.26598127105135855  -0.2669564319385884  -1.6409009274940416  
3.7711188680006775  -1.739761857036759  -1.3811352638928966  -1.5653034660635794  0.20128146079814688  1.1003273196221197  2.6538885484372194  
-5.778418920915471  0.8309481415815558  0.4327487647777076  0.5752352101719362  0.03655172161349858  -0.4275586552440463  -1.7341567405354914  
3.3790415730105283  -1.8470265298848634  -1.888453741243057  -1.2444318713576454  0.9272157574099064  1.6835636066486241  2.7226144220682413  
-5.289111550612483  1.2741114716964643  0.7877541365300196  0.9370400464906847  0.33781775490721055  -1.429054236603134  -2.1620675237245273  
4.8456140236513505  -1.0652550406473273  -0.9836116664914089  -1.1477849401526936  0.6805388352289738  0.7902293100798645  2.252794534664974  
-5.38359484552162  0.650150625614351  0.43459217581144066  0.8708327815163729  0.46306538385848633  -0.39332626125041203  -2.016020329316404  
4.06195515660856  -2.2009401193792892  -1.388095977016801  -2.0288382664623166  -0.29983129581825424  0.9683699986114384  2.6967948202169083  
-8.246341867476456  -2.3578725576221173  -2.7825933271339873  -3.3196900194129997  -5.357875627828655  -3.153694994386375  14.09940458077402  
-11.661606064841038  -4.914787305850825  -4.430655820091881  -5.402588682915832  -9.114466078644451  -11.675483856671875  -13.177683419912599  
2.5010885554116387  2.632089614296355  0.24146616368314253  0.7438493698094151  1.5512524129918277  0.6296882480632787  0.5620576217239119  -0.1516025102844668  1.5467174378351247  1.0602921596817891  -0.1860199055403384  -1.2940004041773643  -1.6750055933281778  -1.533418682141959  -1.518848751354461  -0.05488075207882475  -0.4502460702955715  -1.6949654776971232  -1.4158872153318391  -4.207911196374969  -1.4270780263007572  
0.9322944314621198  -12.10882395415194  1.0946195984245528  0.31335054103313276  0.9715912700684273  -0.3790376248717787  0.547296423156649  -0.7741525862607602  0.9297105776480709  2.32737158391194  0.45557193702227394  -1.4718887754010037  -1.4845223501467804  -1.1949929763921863  -1.91862313305058  0.15260820011474419  0.5270966231555905  -1.383048553193123  -4.985695096906018  -12.387304529843844  -2.3627800372612553  
-3.1677340647612935  -19.879618560599827  -1.705097995442207  0.81289320282673  -1.4369615196026426  -0.09827437715620807  -1.7831407663286163  0.6415006319458896  -1.645176547266413  -0.09652992074408548  -0.46292689968322065  2.0049272469150843  0.8719235052029721  1.709600007541168  1.3584048779657132  0.9014250159778635  -0.25927761424232704  0.8294553218819339  1.9464036292403686  1.0093625877496586  0.025412436582805738  
2.2201101384586392  17.173854310045428  1.7453299434595402  0.7122149774464052  1.3892595835217405  1.5889291319140801  1.5278880795908651  -0.44846640297418694  1.8480392045647287  0.4109153752262977  0.6650960657904407  -0.8115643764014793  0.2637400663239093  -1.2306172695172475  -1.0420641157444692  -0.643387124291808  0.43934361918714554  -0.5664639171959327  2.1696009133150618  10.224930039433929  6.219985171066978  
0.6182127913978563  -7.611853440713045  0.6389085995074053  -0.9368233100096818  0.005120173787412849  -0.6690254200362675  0.5363060199955073  -1.1236327490588116  0.20116293690921833  -1.0953474112185222  1.216616473292033  0.06101322651316779  1.0185999166871391  0.5528701791669465  1.061728957838794  -1.121929445511438  0.6754647468238235  0.9127947705608386  2.7188965738700723  4.284629446716322  18.458714318281125  
