3.916492274750459  5.4043421434929755  5.547116882874114  3.6563967283917798  -2.7944513575166856  -3.5106595022016687  -4.7029033697050675  
1.354817303831686  -1.6097574115131876  -0.8523447833614077  -2.2973051390461645  -2.455103674318259  -2.7468251526170313  0.732017850465017  
-3.7665614567864116  0.726321995858238  0.8371390637357078  1.2812045867745927  0.1368911517194693  -1.2219468343827664  -1.9053475033400682  
3.6954162061655  -1.1963681817891099  -1.2865260542693917  -0.9338766497983234  -0.1282443291216729  0.6946934250784419  1.5264795299338754  
-3.9954952932516736  0.8333452911126117  0.7199689254354654  0.9125107433261288  0.1961363448903826  -0.7920710498810413  -1.997524439543519  
4.139939984197796  -1.1900937442085548  -0.45893300046537633  -0.44826058038647754  -0.9697304318193523  0.2702023238289967  1.3927028518853881  
-3.4508435134411006  1.183855640510839  1.2890671606613795  0.837732061784392  -0.0993746576678578  -0.37882867899952455  -2.1196457522322962  
2.986052663204845  -1.4623070632833555  -1.2283949686023112  -1.7142539497218519  -0.25974530373900645  1.0144227480051708  1.8625173707251834  
-4.414203107055371  0.4338153162405312  0.6756628283161283  1.2352293617048027  1.0607601695684057  -0.12874750455342518  -1.2777898101539888  
4.005122712360843  -1.1266306305709128  -0.5753341450905074  -0.9444810498478788  -0.6599704456081752  0.5501884629325309  1.9650382319426283  
-3.7347344225527803  1.2060650033999347  1.192362996039968  0.9041415413124868  0.28064125351044344  -0.46553097389191  -1.9804125953210356  
4.2155066543138435  -1.2206158986342508  -0.9188908210344081  -1.0046261377584296  0.02396979482351946  0.4329396155561291  1.195298009451872  
-4.30148404986761  1.3956576705449104  0.6295713510711182  0.7769849086320307  0.05835961280652493  -0.07016534391948771  -1.1491506482649079  
3.727656814487237  -1.590113112575255  -0.5018459398839077  -0.8254581264046097  -0.11616246484812469  0.3795515583963343  2.177064723086809  
-3.1721671856826634  0.9234800097875244  1.4597942135166946  1.442874584385066  0.27647609282697466  -0.5117315778978114  -2.0389758633031687  
7.151966175633448  2.8221458511793602  2.8827762354261592  3.117126234467304  1.2655879380036221  1.059535662466458  -2.1637310020379004  
0.988818775414535  5.665555900342496  6.035140486865506  5.7053934588918205  5.270119461620239  5.488999486983715  -0.40913700702589  
4.444982053628405  -3.6265660547990906  -3.6214332642412783  -3.6615612001430105  -2.2250021358071708  -0.954045802024428  0.5442500367586289  
-3.823471085026007  1.0382379027995572  1.0912482535629036  0.9814367565680787  -0.24402884985938686  -0.6254462911638207  -2.1216522539771847  
6.177701428110084  3.297240527554997  3.705077588083023  2.1721710579880504  -4.007332348307322  -3.9311056386949397  -1.927650577854652  
1.7496089072127579  3.9159461305194627  -0.5355878559049395  -0.4132083814164833  -0.08536746651215105  -0.45071868380372304  0.7087243617891905  -0.4749541754622938  -1.2525683245753787  1.0746258343926132  -0.356228520998659  -0.11540857418767914  -0.37071135497327423  0.18612395910263585  0.6762849773666361  1.7799935142791645  4.979375273464188  0.87503975462525  -0.02667836428810446  0.8172239741608491  2.853291395447066  
2.142193659543275  -2.1959282754673506  -0.3985693694752994  -1.8195008918157125  0.9598862162624399  -1.9528913239547432  1.6158935419917415  -1.9408052080812215  0.8787317004317717  -1.2128470282648993  1.6392557049765415  -1.280621197855721  1.458344666506202  -1.3412288514881856  2.168928405260111  1.7883398232703565  2.9383527399429306  15.852362846917949  0.08328628845361319  -1.4851552919388558  -9.30074568880899  
-2.960687087339041  -7.311039656314504  -0.737980181528289  0.38987163129080066  -0.4053346036949607  0.20147383535706953  -0.6567159750538933  0.32556760956091085  0.5893692053677353  0.49323491525800406  -0.2950673836383792  -0.07790362822522977  -0.07848892828611326  0.4760393626205557  -0.015498364965457822  -1.5149023479882873  -0.7263636257797773  0.5562254560862427  -0.2943772908126687  -1.1095258362111544  -7.918130071653241  
2.5075626957716763  5.712349425549271  0.6600068273934279  -0.7396210985076304  0.28012725617983936  0.12396323734098144  0.851668178652637  -0.22108104089656078  -2.402676450532727  0.09340150166473929  0.5368140887358639  0.16358949771133077  0.5148275546424617  -1.0339793561594093  0.7104027165292248  1.0607577925642107  -7.137798186263291  -4.639850854551666  0.991159624894853  1.0434936695679409  6.339181738712126  
-0.40402828317272865  -1.4419513267034496  0.6799681350394783  -0.11213694450770315  0.655557887323336  -0.030747565734834434  0.01821050011558384  7.933817713120517E-4  0.18817503405540664  -0.6860519001550527  0.41078684803965937  -0.12588456950950366  -0.32755989924717993  -0.09044492698541859  -0.6295771191428536  -0.8478496526234803  -8.82795832340137  -3.724740505980377  1.091771938579714  -1.3526461612334608  -3.173351359909079  
