9.904377148323007  7.5921229927144145  8.165497022623024  6.134402679856811  -0.517036685984784  -4.283874532853686  -14.990889390776085  
6.260372823986349  -1.6840952503189655  -0.6258173500577333  -1.3650260241657652  -0.688851065436555  0.9938576200426539  2.559162786916308  
-5.942063138093008  0.9373358697852509  1.3263266040262771  0.72793221039455  -0.3129764919984054  -1.4122846838485363  -1.9197385387198354  
5.109758003644988  -1.9509474622114542  -1.7825522971524699  -1.337749101718787  0.32423254333843504  1.1849630601228525  3.165701810123626  
4.6181036604738095  6.339945267253126  7.039193612214056  1.1356106384073072  -22.849900696181756  -22.00278618659648  11.825834059848493  
4.580392805260346  -2.171533806168256  -2.246039592487542  -1.9255767156860042  1.3303259958810947  2.2535296804300895  4.130065544222424  
-5.90682871060577  1.034837044416371  0.7664760624000371  1.5170939939679244  0.8366519795650506  -1.0772110907984205  -2.342654231902347  
4.953582139327037  -0.9944301475975293  -1.1226909025987468  -1.5709826541051453  -0.5591415863339219  1.1383880017155639  3.4419967651301873  
-4.526049697529101  1.6166984314502522  1.924674792552757  1.663049001339426  -0.975046270373605  -1.9608961837466794  -3.4693003675537355  
16.10626150805645  6.217088249216176  7.202009027780568  4.535104448674202  -1.4703206708394574  -3.2155852765658297  -12.752235292609297  
6.009284307962287  7.626946708374288  9.127874727645697  -0.44350796813003734  -41.82777608731746  -41.69767926157066  -21.43497811864931  
-3.6864932617607695  6.0511661749778085  5.90150965726452  5.778662135972708  1.8700328480785116  0.2029263222382525  -3.668044349740039  
9.267315044022261  7.762745194502899  7.304631060805335  6.721562466502694  6.006194974218206  7.937689124887984  15.168483521642099  
-5.594587730474598  1.4887905010998959  1.5166445431066877  1.4964872295696527  0.0313343959564919  -1.2783780762094825  -3.5808897155093162  
6.866058009614905  -0.3632472116893565  -0.04078426334732444  -0.48859454288620635  -0.5623738659682875  0.8945362986358304  1.201972882980131  
-6.099033369572448  0.6044635123942153  0.1562582958008354  1.4679299599873485  0.9158122174401333  -0.19527100143921358  -1.8006303090200222  
4.407327331086644  -3.0109674431457445  -2.7783753837871794  -2.5084081980682416  2.1126354019537934  4.027970114416824  3.724366721096438  
-5.9171797999531295  1.3739474968216192  0.6498082075831508  1.327751084182433  -0.1320283844883791  -0.6015921311554958  -2.803755878185396  
5.448887661543214  -0.9976645757509321  -0.9947905947845775  -1.2307991954519266  -0.6136002570099612  0.5434273467731637  3.4115482829153625  
-8.914013825449027  -1.9950590056308712  -3.2922062921189346  -1.73890535252024  -0.5887367469051925  -0.39577123130304226  2.0535939965120837  
2.050023066136292  8.041646983478028  -0.16540202221130526  -2.339669936855893  -2.5220350364272863  -0.12263718948566737  -1.7946701821908977  0.13967171385867208  -0.5275301393845202  1.7153805945138463  3.0188313633062074  -0.2220836719339705  0.0856757335351172  0.6748011227302693  2.0807767850778665  1.0357659599137896  -0.263589714072241  -1.0034299654027639  0.2646338072789299  -1.460447378426006  -12.111804147372455  
2.096091683058542  0.2979908564762035  0.4734602222235335  -2.862141139362484  -10.231951209666232  -12.311633367580681  0.6571898384177695  -1.159982835283422  0.11084290834429214  -0.8131251444352112  -17.265545579508093  -11.694458109075919  -12.649781749660114  -3.188556146431815  0.31226236760121545  3.0162760847413614  -1.364151188425276  0.7885072230092862  -0.46306566109804764  -0.9318058705743192  -6.560888867351426  
-1.7224508420392657  -8.072223445391408  1.0703065016909201  -1.093941305896265  1.7835546418364798  -0.8798977968400175  2.957294975898369  -0.03213992715148016  0.7340731815835867  -2.9436922008396085  -28.421495846143262  0.3885741340649361  0.15438826189784485  6.144091839376697  -2.222988883154699  1.046534468478984  0.5259520143089529  1.4146851831091785  -0.3056790235122458  1.45292385914776  1.8078166809820446  
2.9053422519386185  12.08206226722056  1.5358995621858773  -0.9227039203095582  8.119471051351768  20.095971149889092  -0.826245000965663  -1.0206522378481544  1.933531089937042  0.750065207384143  1.0299213636810556  -0.003012562672123579  7.970852829871689  -1.2498350327335672  -0.8803129253597196  0.7221130762336202  -2.911755028395468  -3.9081075982967115  0.21899590641128824  0.5335127845624718  14.49741159002914  
1.2643810491021137  9.70825174347402  1.2345947116621179  0.47637789383736634  4.823003561300417  4.052956959918505  -0.7302272454232699  -1.1915497584956272  0.8149733330668374  -0.8471939128605355  -8.037396514741511  -8.840832798014604  -8.802163629062333  -13.350923775812623  -1.0677908998380414  0.21864784697536635  -1.7391711537533905  -0.9928288605196453  -0.7988198046806424  1.3218393118156366  8.97662610740555  
