4.363329831218593  4.103385236209099  4.208321640923548  2.745892191520041  -2.5337564887733683  -4.0990455836658555  -7.869858408878236  
2.9318712319820044  -1.7556120715277597  -1.5037779830690654  -1.3473842539480376  -3.2464228789217233  -3.6683213382003674  -0.939715396040536  
-1.6473145293687539  3.9052290592040135  3.2215879076946474  3.0607756938917583  -1.1160022564887175  -2.0977990484264795  -2.0769048107940846  
4.97124567384821  -1.0144588866145843  -1.1789919509501499  -0.7133274318976722  -0.4702607493583649  0.11968228998946633  1.3826742238892613  
-4.402345422811073  1.1690793271994162  0.9337263955572239  0.6960197574869355  -0.4810088886270882  -0.4217177404541331  -2.1710406722562166  
3.383768012636754  -2.4109338490735155  -2.4469039523680998  -2.3913694176512927  0.09651541879834176  1.4860051912120693  2.3238701594865074  
-5.5248734200517555  0.4980074583007776  0.7035964373623459  0.5387226677891833  0.34514120294503514  -0.6798070158079157  -1.1821294936325475  
3.1276600065846907  -1.4661518349707174  -1.336224934196856  -1.3904933901358918  0.6335090926485792  1.2141514166283296  2.522110250176824  
-6.4204973207448  -0.7591127924730253  -0.8648979885020056  -0.6139050865929225  0.8222850363780952  -0.08424422840671317  -0.6448244072485723  
-11.633075516686132  -7.2268501618940375  -7.165928832953179  -5.582894728595898  2.9741217063744267  2.740777706993745  8.504546717969363  
-0.05183189617778455  -1.4432710545844278  -1.6336919223087405  -0.27363257230883353  6.654952617765619  6.820498011385105  6.084358531698002  
-4.297888389053238  -2.219269386864381  -2.3698362844103857  -0.293343905326232  5.0879570174721485  6.066925377681757  1.7108415638604886  
-5.934056458405116  0.23097133244377716  0.35576943139933936  0.11805282011793448  1.0107018884326735  0.4334220543104008  -1.1084094382720204  
1.532845451553723  -2.1134736664733773  -2.42978548379619  -2.486364706115629  -0.5953606297598648  0.3297159585633718  2.9029015673831076  
-0.7407330821279566  6.765796771968302  6.611861492513994  5.679982640088098  -2.5355328565619604  -4.439931689423216  -0.8118739620334704  
4.842616976426006  -1.4663119078849978  -0.9504744128530705  -0.9643751247530646  -0.8203221770407199  0.0615563688900392  1.3992336634120182  
-4.371818238552819  1.0118735808893877  1.1577319207356593  0.960750652843975  -0.05396893991692641  -0.7205515065985715  -1.858951777199967  
4.035855535910859  -0.9613955442633363  -0.9640352093454331  -1.3405761458716006  0.48307048809529135  1.3017060103867926  2.4478153999736314  
-5.293062794729694  1.0151821987554468  0.21091515470767663  0.9270644594286294  0.20216564563548348  -0.2697719619287289  -0.9874993021017804  
4.131067108408899  -1.2767693948087817  -1.048156205402517  -0.4577449488790593  0.629212279243675  1.8618297705571432  1.6761973481779424  
1.4531520398989477  -0.4904826161545993  -0.29119046652100583  1.2271818476280345  0.03429466706761483  -0.4040723046534664  -1.650549209047756  -0.9034083993747093  -2.822209268207939  -3.0568008393694606  -3.07540857561462  2.46673615510353  -2.996339451905639  -2.1755336478168483  -1.397662769096931  1.4508223501015938  -0.05529785475225222  1.2412972221508272  -0.9282034100340412  0.5805406267576376  -0.0498617801477284  
0.27304010023199743  -13.917641217041025  0.1524676920164917  1.7667521475371195  -0.28182196492473394  -0.5482011383601906  -1.431892570807207  -1.148423128912028  -1.6855141445333999  -1.8488440910162331  3.3008091377276667  6.01656403253129  -2.4296826965341443  -1.8550728479326994  -15.999256975893745  1.2160647632912305  0.27723052658591196  1.241343512003857  -0.17576455376000386  0.912746596478687  0.8686816471172257  
-2.576465689638347  -12.790710585532107  -1.0237652340388825  -1.3380256401608017  -0.6159748673222343  0.25420115921039377  1.1574201068814647  1.4200757780645303  1.0447291869506874  5.080029659111345  5.608869855462415  1.2325168835176807  4.678072700868689  1.2845433483770867  -0.809748749966046  -1.654501958819265  -0.8957600519144535  0.5428139042926522  0.5773477446652848  0.6687962609504189  -0.23166204836553592  
2.6047423847299314  12.118265646127835  1.7871567561021529  1.1460929622115796  1.3239260334140608  -1.6073603519178878  0.06215957464397794  -1.5600493380010578  0.019956428559087205  2.470378631362805  -1.3407433421473838  -6.652080212507558  -3.170621897294559  -0.3188621845171797  10.249196311496464  3.8988109056451794  1.3075161196590643  -1.049801771139995  0.2736718274826968  -1.7689135231934465  1.2086368098892246  
0.5202171368773783  6.093358660543431  1.8894367021028442  -1.1583326641830953  0.8118853209401501  -1.0806611828550314  2.9297717923871054  -0.0630094239950039  0.543584405567402  3.820574491196486  2.8979586818063297  -0.5722965344899769  0.3078997628191007  1.8424542684467728  2.6256405349311907  1.0090665035726356  -0.0776479190467947  -0.2486123787552235  -0.09161157640999575  -0.6327303002959926  0.13516872026539112  
