0.20240485579183048  1.4121867157618944  1.7695697850634968  1.5051141897586766  -0.5981758165839269  -0.0850912657362498  -1.5292564640159507  
2.892951377026019  -0.9938428892619144  -0.17418000921907842  -0.3544000422762023  -0.5800977211632  0.5887445244051225  0.9392650395035627  
-1.9973257898765622  0.9698841733219979  1.4187964687624455  0.6604816039167042  0.3654491035590535  -0.18314772551769282  -0.8191736127402114  
2.758071450658084  -0.6419635222900343  -0.6269423719408048  -0.46425019828284403  0.4924516446249569  0.8519884144199297  1.2277172482547483  
-2.488883281208572  0.6134955011567905  0.7022691063957531  0.6568980148314036  0.32295015183034903  0.4383564162249809  -1.0644747254340783  
2.3732643219251717  -0.6470993104827173  -1.1555467138407607  -1.1901974678033282  -0.7114043729546052  -0.4569271998504409  0.47568532866119373  
-2.0570373398222523  -1.978083115102358  -2.122206506447604  -2.222364886052845  -2.2014479904535564  -2.0221333358528755  -1.426998525212671  
-2.0580702075124937  1.667655868792043  0.995294620261696  1.7378140063298548  0.3264795574452694  0.5211778273300756  -0.6135334687312145  
2.345743758957301  -1.159286994562132  -1.2080773618741436  -0.4549723113448857  -0.6661166351142443  -0.15493985921960357  0.8907733831162653  
-2.856004351362556  0.4207215763222247  0.4166084365260601  -0.04306935820021675  -0.432899812327903  -1.0785224807404254  -1.519950764559921  
1.9927720197152792  -0.8724727277309441  -1.1826896160884302  -0.7492538012172567  -0.6390035008313814  -0.25638762669808846  0.4561757322019508  
-2.3596387772460417  0.9700137342943367  0.8337371383407077  0.8203478061545966  0.28216094336155123  -0.6244527503683913  -0.8324543309381218  
2.537444847023569  -0.9148563853651683  -1.0688687454981078  -0.49372802317534753  -0.30102991674073876  0.8621122579217207  1.0825602997531394  
-3.0492849936422144  0.584811668787264  -0.16207803070556612  0.7448222165167393  -0.0417639196872804  -0.35010557574041024  -0.9248295249995193  
3.0511008062204685  -0.4519935860836692  -0.6253942590147017  -0.2231500529059521  -0.07027148129705606  0.11163496597757311  0.9797014768997183  
-1.335520282806941  1.3015644573773038  1.4717626673789101  1.1555356593667345  0.473758175650719  -0.3535939865027634  -1.0043116076266758  
2.980724037122985  -0.5646187988849755  -0.2286579735627679  -0.9999512125983613  -0.23286854249286876  0.1385880099067298  0.6162951993695482  
-1.2441434009914991  1.4733697162239232  1.0250082425472682  1.601824720822045  1.1905154369024407  0.35293561214021485  -0.5046644307743328  
1.7146647756815234  -1.6714238360515188  -0.8576297329130738  -1.425095052409261  0.07309714309533678  0.8252708751255527  1.1554188711991051  
-3.303206683689597  -1.3082252463725546  -0.9364275214014306  -1.2664180216396648  -0.6367826661883832  -1.467830223105186  -0.8074545116660969  
1.8416072254191163  0.5873677747334402  0.48986942768260233  0.6322881665804532  0.6347554275902633  -0.580588999121732  -0.9609172873228085  -2.3519803381968503  0.2769411759651156  -0.26496566033581126  -1.171226045185596  -0.08639809647607921  0.44155221161362  -0.322059795670561  -0.11257593111338857  1.1080240819178624  0.8308779047349589  0.6420478806533212  1.1585246566196892  -1.1921937751021534  -2.9420880871056374  
0.8880645613634128  0.45399075530537736  0.544874500090373  0.44504173039735123  0.9709951618769037  0.06833282949754434  -2.156230008482607  -2.996746110364035  -0.2790562759746015  0.02553231011669012  -1.8438852435220479  -0.4520903951780791  0.1768372684383704  -0.11617004640613904  -0.13096972721703445  0.756526131515806  -0.24871507009120214  1.2100755005999917  1.5464203705647492  -0.21302537276863048  -1.9553566912336733  
-2.282103718743204  -0.06531740942555128  -0.8158429758540972  -0.05888509401125092  0.5061745111170499  -0.6499583562669241  1.1389954767133423  2.3328162454836505  0.5284367942040177  0.11302333472570981  -0.1807580419138929  -0.04103655780682791  -0.4508820341376921  0.5820695161245103  -0.2667169070711452  -0.3638508949012806  -0.26940202588215906  -0.7980026760244664  0.28068702368074716  0.5688421312599129  2.1946379740002793  
1.674692110374749  1.4695284858469126  0.24987002877116393  0.38129771280104957  -0.17553298092847788  0.3162466461380923  0.06776346964061437  1.9173597248992615  0.03187030612673415  0.1833007654128411  -0.26596333640597036  -0.10451999994532211  -0.03601891106477581  -0.07072638168036391  0.02948298674819276  0.48838711739823887  1.2321308560311253  0.232230464477431  -0.8571299986001713  -0.20998072247237043  -0.4886830627161603  
-0.14197802716496397  0.4153104813002878  -0.2528113273666778  0.1495684249811288  -0.4121440203444113  0.05652341537935458  0.7210832661955309  2.4459981339164756  -0.7485767940295215  0.826805109131514  0.6836548974670745  -0.051090818578162056  -0.056047617188731275  0.13893656552005224  0.460436912810316  -0.22802638494707655  0.26518875758936206  0.2541896223468688  -0.21962361272587647  0.5496822317737015  1.4716922147873763  
