2.3157167496554303  3.579801720179303  3.7480229036013433  2.6256764996224975  -5.031756015868348  -6.285466879687996  -9.914617344181169  
6.0084869738686  -1.177251689186561  -1.1187999084164457  -0.6092241172071743  -0.8175944695221556  0.5530118765171568  2.14602881821022  
-4.178904485036662  1.1763204366737132  1.6053704949450884  1.0238403134877294  -0.04821869759251912  -0.930903414975579  -2.8183656731874116  
4.170620017254498  -1.7149008464982285  -1.2885000535637092  -1.0541890066927067  0.3353782797374335  0.8003746100897388  2.5609634986780465  
-5.289584243050867  1.266240440906664  0.9317907084068386  0.8899497479596161  0.2576610292861939  -0.6168203366639866  -1.8292212810686346  
5.906281237896229  -0.7046699952954542  0.04315645839412591  -0.04139662810019611  -0.02255864937432144  1.3159024970861923  1.5596831404552398  
7.578325575157996  7.48904560080002  7.896395878642995  6.731518657002013  -0.8129570483225831  -2.2013075371495456  -4.986600553530719  
5.848155029153395  -2.2244299973334876  -2.2133842289504684  -2.0578972303925864  0.8351375898090919  1.8685487192040593  1.587507322321199  
-4.916883458532958  -1.7355250824066737  -3.001599356394997  -0.06208102917303515  9.431527152340022  9.043406744951369  -0.36550691085345594  
3.120002163328509  -5.9717759322060955  -6.40564224657438  -5.554505235409016  -0.8995756903250787  1.2752930183009248  -0.9260187516146443  
-7.437529585189405  3.30440171984515  3.1525111692059737  2.729082705974663  0.7637077516897153  -0.7168254657590121  -3.6066119672472476  
5.5573143524059265  -0.4164819362027558  -0.13042874344256694  -0.5588067191160465  -1.627589071896034  -0.1867785610311659  1.7853646371529293  
-2.056342316438724  4.082166310943845  4.164949420665809  3.9685110954004386  0.5738996355285098  -0.12537685443600827  -0.2736005756057754  
4.8281171147098245  -1.159364133050319  -1.1735921231405317  -1.5389565484187682  0.5608159089837713  1.0440764085981278  2.00483384743655  
-4.497779212858736  1.5542010072326538  0.7418455446813701  1.0129704774003676  0.07490333341555483  -0.9216950103338715  -2.6095968451311746  
4.582606690639677  -0.9175766446485234  -1.3830577182604737  -1.394220694352756  -0.06859294900630256  0.9039590375315572  2.0749465627301253  
-4.964356341550315  1.10095530505255  1.4872824356838472  1.079717509394398  0.3607726912241188  -1.0940391533905158  -1.970549748506322  
5.63497542076788  -0.3259566303789696  -0.2324399298043213  -0.584473393105985  -0.18323292130287583  -0.04807250250060679  2.0466907013838824  
-4.305705055643962  1.667702250902001  0.7715590273279868  1.2659858049761707  0.1925351973734765  -1.4481768153437122  -2.2764019908374027  
9.779348353580898  3.385507474705673  4.3162613113515  3.055306167220106  -0.7447839313616048  -0.4124283213245122  -3.3355849898741856  
0.9697114017154067  -0.10346885821290017  -0.7882180502897606  0.06545601431695518  -1.985912434777691  1.3999350256813987  3.4746760960439746  2.5010966757063873  -0.16181161826885146  -0.9920974844241099  0.3089818756757955  2.4359141068734536  -0.5769230508806789  2.0949080395278052  -1.1866517740660991  0.5628662596886381  -2.1883232503487684  1.9686670180963337  0.5395698800943891  2.5529612367277967  14.538840725900515  
0.8964075303660689  -21.24222654573453  0.8665940289397289  -0.13659552815172388  -0.9761530352238201  -0.09876632772575965  3.6176635697880535  1.7344458362627782  -0.6058719934522168  16.294489934935307  -0.1606082557993428  0.01924262946000556  -0.1593883177629671  2.2846699391085603  0.30281684252575525  -0.7960757536453273  -1.6033107060943246  1.0338379160224678  0.6238076692673051  0.9050600504149179  -1.3979390133856453  
-2.6085329495566656  -15.07882152791823  -0.9355193662573409  0.6749932455498524  0.793079988134557  0.25719899165496407  -2.3764168553467084  -4.87887348013439  0.6391151536611233  4.541285029908658  -0.6332673615658752  -2.3281813789885617  -0.7821584071639853  -1.0720994768076797  -0.35096943911177747  0.7513214444063145  0.13561079971129741  -0.41708095955805913  -0.43358719734834705  -1.017267367018329  -12.857560081861553  
4.097981222749205  9.270942441327621  2.208799153593056  -1.4529130710466025  -0.3111355038312642  -2.5934566734064237  0.4879549291586131  4.264587637601348  -4.990517940350029  -13.064762341513307  -6.035312030527515  0.3640361341865936  3.0155421463061916  3.2325305317309314  1.9237239770274803  -1.5866713738632783  1.009084497533443  -0.4330925556950429  1.770224892869289  -1.0567140928879581  -5.180369318431078  
0.8372345964688628  8.488820774088653  1.629594459415922  -0.6943892427205293  0.9742466019486181  -1.3790120506705708  -3.282465366565492  0.030054759884757323  -0.7794136475283499  -0.6117840840176282  0.17243163284495489  -2.74374621947061  1.55955488541384  -1.438721974160127  1.8367164241742564  -0.8838810957709433  0.730021858027553  -1.9845461892817844  1.3863021203010433  -1.8733693365571984  -8.033607502653267  
