-0.9127232687106291  1.37230991162226  1.2449075248815902  0.5444190778592932  -0.20709270368100458  -0.20814038857114098  -1.1121660653858063  
1.9342805996401111  -0.46937697460434274  -0.12063999349875679  -1.0784045326706952  -0.059463245714808106  -0.15953771450624374  0.3815317653410283  
-1.592009638756769  1.0123270419485848  0.22001479859006587  0.7311035710203634  -0.20846620566686014  0.03818665363799584  -0.4160325630395709  
1.2955869791315833  -0.1845160922578771  -0.5039850426342152  -0.24781145055385495  -1.0883259090587527  -0.3024051280829445  0.2881959870217174  
-1.3884983390708858  -0.14688201846945587  -0.09186906373015383  -0.1977791118007951  -0.48210822517171353  -0.6637169425290037  -0.36177117511402007  
-0.5669643181847297  -0.19861823268309148  -0.1984563020923125  -0.731668288490098  -0.8334829864745869  -0.680687077127223  -1.3765734031482257  
0.7407501494666169  0.29583876899131634  -0.530412955708909  -0.07615714586572724  -0.07369766983969508  -0.46218921993767126  0.6194693633976052  
-0.8901762604680598  -0.6796875885940015  -0.2563148278925999  -0.18509434461966925  -0.6878575770665859  -1.0572984862401908  -1.2323532019138939  
-0.2244321146327943  -0.28013943603266406  -0.27583018071962834  -0.5633076448837221  -1.1876870864791196  -1.2878990571839084  -1.4476283234276683  
-0.8876426211990296  0.2659385744638813  0.19207699011837193  -0.26160589955555963  -0.8965527803867238  -1.281123505867375  -1.1130949562298207  
-1.0624578876235837  -1.2034017930491496  -0.5659673101914477  -1.078508516979919  -1.2067244552247027  -1.3146107110439467  -0.9387156004577498  
-0.7549905380055651  -0.9588064205220863  -0.5375464125096939  -0.1376126659205783  -0.598678790518688  -0.5927050730804309  -1.4712678462673172  
-0.3850321512673311  0.2242534968833496  -0.16945470293169346  0.07848198085882255  -0.5875853329030253  -0.753757587745275  0.34047417335364116  
-0.5225719459220667  -0.48218833446449494  -0.6868454298236518  -0.3644766141407694  -0.49085806764833445  -0.20738979758544132  -0.6534114104441859  
0.04771645242677297  -0.21791310760667199  -0.38278894635228805  -0.4377302677951124  -0.5207561136757181  -0.39995582453952083  0.3924370261364196  
-1.1295120205425313  0.5820606017242097  0.21322511958812285  0.8048581017301975  0.329033786337569  6.519676401120585E-4  -1.1133655106178875  
1.5472031865929556  -0.32814931472101094  -1.1715526520776258  -0.8673369139295523  -0.31336287513798095  0.34944912307205056  0.2909002865915928  
-1.8201684725412743  0.641906979412471  0.14523082810816942  0.9956512458292535  0.190655585981995  -0.08906826547975064  -0.28946104607137635  
1.4797233133543763  -0.7403097872162148  -0.8328345933863753  -0.7666771847336152  0.006612738502434656  -0.009759263683260862  0.2142915100778443  
-1.7705002077441587  0.089271833107607  -0.11978812394245325  0.6239989482186459  0.39676077511285657  0.24195455496492674  -1.327605494712431  
0.7955968328023578  -0.9453508865980483  -0.44270278129558  -1.1895191861609467  -0.48730624963148284  0.21496377673475464  0.42559701576795356  
-1.5066268853545357  0.5999478331754504  0.2607815097832359  0.37309976411272483  0.602721393719999  -0.34623897263378506  -1.0885983009107447  
-0.2082674496985476  -1.1383507906682984  -0.937797500004078  -0.6009044362499152  -1.3675859068098362  -1.2542615831882251  -0.5288638834190575  
-1.3733958345204522  -0.47671061281072113  -0.3736706803940155  -0.6525847534959855  -1.5082742274187197  -1.614819277696024  -1.2203271809768024  
1.2651637291150726  0.11499300817041447  -0.2785403557537865  -0.3393655454062951  -0.25862722648359887  -0.3406857508824482  -0.01973475906434215  
-0.8193407169689929  -0.31766935602104934  0.38657520530399603  -0.16253625872902938  -0.18038412374330942  0.1586321196430793  -0.04564775278770735  
-0.9053580547250608  0.3183568855653565  -0.10065834130096893  0.8260969044545647  0.7886867366281617  0.1222681824623056  -0.4262166220693628  
1.8722297080247765  -0.19287494042353165  -0.7970686352889357  -0.05715316342789665  -0.2871924960111218  0.67083927356166  0.9030865137954328  
-1.0441880224368423  0.8680026807486245  0.6700200941700564  0.9738126684734516  0.6634378880407689  -0.338654702657512  -0.6385123985699723  
1.7342429362261906  -0.3299046070529826  -0.13228005984427424  -0.6218828860013985  -0.6625878610919683  0.34211162900767156  0.710696200713015  
-0.9607400724203726  0.8936187849614468  0.33979309315765005  0.4560573043362593  -0.1796429473804992  -0.8177876641738335  -0.276050023322734  
1.3687243057899947  0.7403581154284476  0.7307085240853086  0.700186112476738  0.9588688451915145  0.8213845709620801  0.6057587624596998  
1.9971484932861254  -0.5934917237238345  -0.04396979540187449  -0.14108002793646426  -0.24318654734773912  0.2769599999472843  0.5148706166591371  
-1.3722609781095017  1.1587153680063251  0.15778471956062942  0.37358969749720666  0.23429478439763776  -0.11257429931830588  -0.894533378790847  
1.1655901010760419  -0.06535848416039249  -0.3555528828705047  -0.7438161963948532  0.04696005077060365  0.16389115791556647  0.7113993007496797  
-0.5357509363558774  0.6436915027169614  0.6589135039055101  0.4599374380811765  0.18347464503730135  0.6538948067142957  0.14789654557729845  
1.2218692864571497  0.005599953524620523  -0.1379519507083442  -0.23202228321290747  0.014300589740772198  0.19955244192181373  0.7825847639042084  
-0.8202397188714903  0.43082875567714185  0.8702797557858591  0.31521527929538684  0.9185508086626418  0.7668089986597196  -0.27107484064768456  
0.8275056147855847  -0.7077527057963225  -1.0053455048711646  -0.8964202434059393  0.06469521799496607  0.9778365917660043  0.7338315939944008  
-0.8781558673500046  0.517676454057898  0.4535220140835992  0.7429272611781065  -0.2347241419807796  0.26789262094374117  -0.7601204093984992  
-0.2691739182563447  -1.065354082878186  -1.0547937901644908  -0.7006480951671064  -0.7494082484195853  -0.49390120359859835  -0.3397425904165248  
-1.1952236796010638  -0.2569452719149208  -0.34867625981817707  -1.3316709064035668  -1.1809509581093094  -2.0962769630163507  -1.4932433239736946  
0.27526177684989545  0.16347545465598395  -0.02492979917388431  -0.22292680667396525  -0.6163963785823143  -1.0232517441599989  -0.45734359276637787  
-0.2805673165136723  0.959583268105007  0.32860788470920105  0.5227164566268391  0.3783443927685379  0.10773073892860133  0.3570529672336949  
1.2288942073738465  -0.4555590201608525  0.09889877577955233  0.45188746904912747  0.3445651777814372  0.7377434681025544  1.2316685566253514  
-0.4940753382452487  0.4051062859080048  1.1153007211814054  0.2644361539872859  0.7511512924977898  1.1338773318056872  0.10915181945405897  
1.5172077421147023  -0.18897818397561586  -0.30131630668878945  -0.39240512384466336  -0.8209627641378288  0.1224036948546236  -0.08566783886343893  
-1.1061592589519988  -0.5042071748293084  0.014987892297058374  -0.6285575349393852  -0.8073495612285987  -1.0813216080313408  -0.6647949122959014  
-1.5208845625169323  -0.5153728481534758  -0.5889947353010082  0.13137485060051227  -0.49711666739808497  -0.6587789102129868  -0.49847452954318483  
0.19251929864395156  -0.6403655969166294  -0.5349100259141952  -0.8560871147453768  -0.07050048076698616  -0.0821637457789579  0.22205350007875096  
0.1346445698350059  0.6932765794169202  0.7694595472715974  0.43936544657453364  0.0845186550086819  -0.01769686023461425  0.7763098126618327  
0.6393465050461171  0.22799700307910603  -0.4984854078417014  0.21243459041362123  0.4403438208960131  0.5533332830052519  0.4640480401823139  
-0.20731098699902054  0.4082493663237121  1.010671826159052  0.8442106288577566  0.348890664548211  0.07795972933794564  -0.19016337107699552  
1.1813187265597997  -0.11433079218036725  0.6998532035519826  0.37097067680013307  0.8454074211138551  1.4377178426692703  1.2442234550209854  
-1.127187345090947  -0.3743233447459761  0.16869445949520448  0.4741003992893439  1.0538059713645478  0.27629013071189634  0.506851927641947  
1.7334425894437744  0.24096322063395179  0.21050786155662887  -0.05879548003195303  -0.15219119448160953  0.6384672182474148  0.05542915675559078  
0.6026610358637581  0.875209295843514  0.8531239094834742  0.9232377072266434  1.4600299067441045  0.7779360518615754  0.3793049670301863  
1.7083039486618068  -0.950659479706574  -0.18879314344139325  -0.6033814485488359  0.09211826788994124  -0.007856315669270447  1.2407023529907046  
-2.1712512241965713  0.5325848253426403  0.5948038670225142  0.7261196836243627  -0.20261895919736028  0.14806852530646236  -0.4851078603656255  
1.915365619782958  -0.4618075177072935  -0.5681576715296367  -0.7101923132899313  0.16034139526180896  0.4333226514146182  0.8324915064136281  
-1.711941556065277  0.45515062488806596  0.21646860179558497  0.3346903678243106  0.20610162240063706  -0.547289279792728  -1.290475328150772  
0.9502383975042638  -1.056162570381672  -0.3606296733743891  -0.5029342573159898  -0.37222378168120757  -0.06268896807281674  -0.024053489518768935  
-0.8065322501606479  0.3626837310323636  0.3018791071146639  0.47866201853864426  0.5211366963503562  -0.18228291324120957  -0.644574694599145  
0.9687763441417104  0.3263181329911677  -0.2106521874609799  -0.03878529269303223  0.6114367328273034  0.8653470576846202  0.971897169532742  
-0.11187693416637469  0.6055929218544309  0.5260297520364886  0.5172245715543053  1.1077217582310566  0.37958444423324766  0.8856575973213762  
0.12961128011812614  -1.0015947348744805  -0.3430213246462694  -0.48691127842685616  -0.7032531455133231  -0.5438144585214358  0.4450649911725347  
-1.226070893312686  -0.7469826202754611  -0.24887310774274893  -0.6024202965366717  -0.6768992174024391  -0.6253708228068732  -1.3959122499782635  
-0.8930296106959102  0.41032321948675354  0.11291374288613086  0.3564097593718229  -0.13808390012648095  -0.2371853566041012  -0.20120219425495495  
1.282483302972552  -0.2053242384258113  -0.49952156570591527  -0.9941178588270027  -0.792595538457804  -0.06381032143447435  0.860001844270878  
-1.88385866196151  0.47856051235876446  0.8615466250837557  0.0692545719960786  0.47676163832656854  -0.21888563044286563  -0.4676689505259415  
1.527142250236437  -0.29870546989679553  -0.418053644038678  -0.11355107530452158  0.6344964656638696  0.5901360227064122  1.1532775094349297  
-0.13176864314963138  0.5852642048334797  0.9656931629918444  0.9619150389956846  0.9374726235025227  0.9095061026088482  0.9761606619373955  
1.9463003427171808  0.6095144466159198  -0.21518009940023253  -0.3485249505684095  0.4430674764219443  0.04209863470913275  0.7317496951365373  
-1.1925586151434318  0.5717954245193339  0.4889458750678881  0.8534773867990626  0.5455350265707952  -0.6299981423848335  -0.702687587113234  
0.93014824302775  -0.7555540893172318  -0.4370500719488723  -0.12563154156608503  0.2579776479872678  0.3092820807614693  1.1257934687901263  
0.34693669403459615  0.8956180722827298  0.9748371585943756  0.4643310711231559  0.5657958762222004  0.8159786753232355  1.1174285046050336  
-0.70214352348024  0.3211199587928986  -0.0074259920325618475  0.34430034494067135  0.07786649199012041  0.699136393526026  0.0785468927279853  
0.2593271145401435  -0.8820142265842822  -0.4532235293540723  -1.0974669675586999  -0.7173633577455841  -0.8658206200115002  0.002072946717626632  
-1.633540520072133  -1.026979763221738  -0.5668233513976982  -1.38590528487819  -0.9828544782907714  -1.1328046808958367  -0.9984275483245754  
-1.592297652082067  0.10531177224429827  0.13712763782570725  0.28551516548456085  0.6755153904735851  0.19852100079507348  -0.35977540651791706  
1.7376722617247757  -0.5498510115357828  -0.10028898044957005  0.09387980739190076  -0.475440590593486  0.24288363338641522  0.6313917882071738  
-1.7410193738323703  -0.012642510986488354  0.7868254888623598  0.33817851880430855  0.2210248335373794  0.3595855032002605  -0.0644603157998334  
1.244249016220291  -0.2520583496894467  0.06401375323714832  -0.30261010858231613  0.9507563071685586  0.4991429723462714  1.2446815534859377  
0.4884806797502257  0.09945546689836035  0.3864232179200246  -0.30264789974532935  0.6717356784893308  0.06890789968838404  0.6923178747506246  
-1.5848498162808113  0.11028935564868887  0.7234418623620387  0.4975980676271178  0.3092665549041758  0.5925248702702698  -0.22703860303193493  
1.7379355087818398  -0.5273097421908095  -0.6080190793743004  -0.5863457378681808  0.06376919683413027  0.41195388943215483  0.9941077787000452  
-1.6261593978306879  0.5644933407789312  0.7128861805756584  0.47550345289107926  0.26700844685002295  -0.737337499513123  -1.0318398825162842  
1.347527523072921  -0.9618639366838114  -0.7677755093683822  -0.47145750046414514  -0.5803663210243939  -0.10122695168830478  1.119202177794036  
-1.886219959355037  0.8100059572224396  0.5785126414644374  0.25677532884919846  0.2971956357273782  -0.008415033126412143  -0.5039858353395325  
1.522639750990853  -0.42494230128045646  -0.5664165170291889  -0.2691805863658662  -0.13296655231418808  0.18150132791351506  0.9515973609714691  
-1.2624862559047698  0.2871704440064517  0.30584894937886614  0.5518052233831213  -0.646235250274422  -1.1565183200307048  -0.9387341237883757  
1.5171681823461514  -0.45344805034389923  -0.39334314916369895  -0.6677066068230267  -0.15142418636789368  0.2026969417528857  0.8577071331006878  
-1.6611739423240794  0.3730877675194022  0.4692052456308861  0.635562651876418  0.4272989962330057  0.1599145092353469  -0.7355821552497426  
1.6089073364219235  -0.7517210555813717  -0.5717713207511118  -0.6173277438549587  -0.15916551148726577  0.47794691352326596  0.6267725460531997  
-0.3936933982418363  0.7549370835192872  0.7598885550136075  0.7163183462112321  1.0162065418963746  1.1734706752312656  0.6580742379280811  
0.9352437854892749  -0.15532432316962405  -0.1989386799601331  0.5541526749983365  1.1156998156649243  1.4661105330894413  1.3457905763031712  
-0.37424048973189805  0.1488155591101704  0.18004514638062602  0.3335639194541068  0.6511296718274715  0.7568620453177518  -0.05172199013965262  
0.7721561152147103  0.02633020469592217  0.542714253269745  0.2811757851738415  1.1140311267438412  0.996030059552213  1.1806895124666106  
-1.111957330669292  -1.040855797607416  -0.8763759178405167  -0.9393895679812554  -0.8979436329992019  -0.9365712866563165  -0.23447756101064618  
-1.6779290773011715  0.462733681090965  0.03354982678111067  0.6207090495503577  -0.16313266892463107  -1.0700765635349827  -0.8231799369719628  
1.0090965287401075  0.10941769269391585  0.2899691510737373  0.14228681280424432  -0.2721155034001685  -0.6877361734450875  -0.4148362339508573  -0.2805522555287428  -0.7836565451306895  -0.021636712249569198  -1.377389190577699  -1.5943604235850672  0.0643274940376532  -0.7903947132010116  -0.5553601497807237  0.004819335370043512  -0.10850864301743635  0.158379808799711  -0.5443175872483923  -0.5455683611815865  -0.8569644391822552  -0.19258235055408257  -0.4691558066845605  -1.7858519563158783  0.1985910489323506  -0.46624402824503147  0.370822496429815  0.05241625194152216  0.6995769311339755  -0.09330565686512955  0.8454200635714435  0.43843296478052196  1.19526853714108  0.5224266107639072  0.01069789446659149  0.04480908511474635  0.9429071773958394  -0.060739995764488755  0.03940414092045612  -0.3212306319506903  -0.3834428631751458  -1.7051787652523698  -0.16710709157771453  -0.2814015244370386  0.8912142192058725  0.3588555095932408  0.3772104601522906  -0.4916441343566705  -0.8214699577257981  -1.0095956966937125  0.3554708023151083  0.25509701517892364  0.7299340575751851  0.38524382959920744  0.41512649235759586  0.023454462847461083  1.0979994115059006  0.9392658271001363  -0.199686973524323  0.14178719111131016  0.04689690061172746  -0.476998545259418  -0.14169659124219783  0.21017735961225495  0.8306912763610624  -0.518758655819081  -0.553880719279544  -0.9118762638433947  0.39114742111517276  -0.2809209544997894  0.14419072984195788  0.5393998072064808  1.4216387930070944  -0.23596657045153005  0.08481507783335528  0.4017875483590342  0.7363873649568891  -0.14042899693365646  -1.5589458889516101  -1.0344503678287733  0.16077037353437834  0.20107471137041222  0.363716854208091  0.29188555563768726  0.239357944808886  0.01392509336247048  0.5679743505744362  0.09324053763005406  -0.49952282995000846  0.05894033555290514  -0.37697800581080293  -0.1772184703969942  0.6043846858206101  -0.35416873557914563  0.26019808991524024  0.4625626611425518  0.07863869047016576  0.08639312402977742  0.0017177896298882465  -1.951694646510587  0.7119511897570528  
1.3113390262448277  -0.6485196245291487  0.6852759165284761  -1.270924853534586  -0.04666392431449569  -1.0916374088331  -0.3209290473704396  0.16964571278768367  -1.7504646996524964  -0.3286887263526065  -1.7808473728003307  -0.009789354812365399  -1.3267833487772625  0.19505332289827118  -0.46400272736613546  -0.31825028869821415  0.6807685930863778  0.08814687972976572  -0.6809214376149262  0.7664354534232849  -0.7821227151802139  0.8905955615706737  -1.4500478270354804  -1.2058094096940568  -0.7265519064092045  0.11683968996400841  0.6860585637427008  -0.3896238124193705  0.4389703805849469  0.2275400931840031  -0.3820227985489424  0.40268548768237183  1.025836831609534  0.14630932614311898  -0.4726547193351622  0.45729041434680834  0.33654516107582616  0.7348872392955379  0.05669897386129362  0.050833512127779056  0.09341653997010484  -1.956133349732009  -0.5136950232378188  -0.2653172481654531  0.7176325588753355  0.7112249697752726  0.2587014886404015  -0.27971527465507884  -0.6819941099362903  -0.3373639194679492  -0.23861929861399972  0.8078921183696327  0.4130579157064635  -0.10274080214187915  1.3283534634190362  -0.7477651537179653  1.7409570831571746  0.557878538419751  0.20198437921555498  -0.4331231179083148  0.9074006990735817  -1.5259358578399462  1.073485997271139  -0.41112744795713757  1.1792356924111915  -0.6137784106361011  -0.20315785349235027  -0.46732680735431614  -0.5214366255191895  -0.10894221885623305  0.2941881449423449  0.9476085335695609  0.5413517462017561  0.4941594085611813  -0.7333262014064375  1.1962177829831964  0.775345704818816  -1.250624977227713  0.15898665260163256  -1.2740074999303517  0.394910990341322  -0.10091254373937317  0.41619620971660576  0.551478893070322  1.0209485479943698  -0.6470150891494079  0.8098470345398335  -0.9556962201349052  0.05474021879027829  -0.15487499352425166  -0.22669352942160403  -1.0685620344146258  0.8016519420627456  -0.09091297658518238  0.9454433144154802  0.9872150242617289  0.5197977668301548  0.8076174488408226  0.2245023975491539  -1.9927055618246905  -0.47450720881386493  
-1.6294750155328661  0.6594122662145055  -1.0514440253523243  0.4226599783901953  -0.21951463464214513  0.5522302540499654  0.08923890389570613  -0.20711650644362276  0.11099654709519027  -0.2862545368182172  0.9395860592938476  0.31714812861186287  0.45797716896642726  -0.029987710226580807  0.7346902579070906  -0.0454366438458529  0.2980686506747019  0.1481018654712138  0.2584641457437955  -0.7226649486926633  0.9941191740259567  -0.1571037841964914  0.2724737878976479  0.24590162396297047  0.05634913495675924  0.331525486852789  -0.29082529186075406  0.013012354088620932  -0.18686652220480068  -0.2469078426545825  0.21603093767241144  -0.42991477926463717  -0.9503766196978103  -0.25746641420898597  -0.04823735020782264  -0.06502343010823441  -0.13371071329582196  -0.2031190612722599  0.5389687519041966  -0.5509345845976786  0.15781448469134501  0.6061278603663018  0.2671072558477904  -0.9532997608298894  0.2507662361034089  -0.0842473938239457  -0.6978665762897709  0.30904583119333395  0.881057263816205  0.4183265673501054  0.25852570861987606  -0.6709792987432792  -0.49514200741125747  -0.004490572142667801  -0.40749816189588656  -0.1309913444538763  -0.35544475267018966  -0.6889919728602958  -0.14783708086091907  0.39575995395992175  -0.8213817917923891  0.9469697639574123  -0.32493052323794586  0.2869602271408289  -0.9800682142238015  0.9466232485388594  -0.2968269804475796  1.218520432133053  -0.6773040508928488  0.3593570729708731  -0.28056164565684494  0.48821922462548767  -1.1226865342656105  -0.26650202952945057  0.4392136645712719  -0.3211744826526557  -0.45830088536145824  0.7845621196941988  0.5188372878010777  0.6416103749578969  -0.1992661170643754  0.3894708729697593  0.21389299065798623  -0.2723174835788163  0.1615382010537884  0.38300291977582684  0.03843651264552732  0.2912972707659403  -0.32087705389551335  0.4852893972869337  -0.751670478463744  0.2365165211208167  -0.376575936214068  0.36803324050126346  -0.44172880198505143  -0.00151763382561567  -0.07109409960964416  -0.8217498705713185  0.7632557890301082  0.23613707547001167  -0.07922455775104577  
0.6608933676023148  0.26327960428987474  -0.07076911345590886  0.02216017414460853  0.5018492157781538  1.3955090846406997  0.3488981654453102  0.29477370877726133  1.6660901668353063  1.382478794234067  1.596289874502658  1.4641828731264177  0.1430988574207749  1.1469288526658292  -0.30677229049756344  0.9731517187762024  0.01069669306145845  -0.25241589320455526  0.13187982505699009  0.08778229029360586  0.2123669465004611  0.3949775391705816  0.5279509677968475  1.906721756488272  1.1592881096177523  -0.30683507503844953  0.10809751428107532  -0.3367749364421738  -0.7433853902955221  0.6576343060042403  -0.1720707657199389  -0.016012142232994683  -1.2275510752812708  -0.04993559649894315  0.07617128849888152  -0.844749332085545  0.18835417591650122  -0.36745212464251265  -1.3922129036874344  -0.034954943871876025  0.4449440987886717  1.7347735185151152  1.0501033637351964  0.38487284834412855  -0.7914974284911747  -1.025447255401416  -0.18862948054554585  0.5766191794970852  1.2943574792614607  -0.0416302496763156  0.031724915956713805  -0.781454461025272  0.3001935494294591  -1.6611789729893713  -1.1790198248295247  -0.21706370694478283  -0.7247760472387655  -1.1622925911218318  -0.2855761783493257  -0.249070675744611  0.02962109043157887  0.5006128603353969  0.0626465201911798  -0.35384998170697407  -1.3456129910519554  -0.3498265676631966  1.2249834446539998  0.3623552279193672  0.27768604772011535  -0.14231999307746043  -0.2373765555179676  -0.9263761972615138  -1.5265313784566423  0.31754392968241824  -0.4581060554937358  -0.5780758016015499  -1.004114851668155  0.1245024651034383  2.0994591541095535  -0.036267900199569984  0.3123248960002854  -0.5397371516604824  -0.7460415642143692  -0.611499868698043  -0.3735603738553789  -0.31876973910735884  0.1810679612374098  0.08068024694106014  0.0400619351650936  -0.568103895933704  0.5727363864138519  0.6291776881118792  -0.2420673838624265  0.171813391244919  -0.6342746709968213  -1.9660690025455612  -0.7021861332897582  -1.2468111840355272  -0.05632239932906851  1.1933790309048147  0.11856289239925452  
-0.8838538560896549  0.34171056330578975  0.05641515454384619  0.34056748240715345  7.56412109827934E-4  1.0322100384862218  0.031090825641565584  0.36740707537862477  1.96579570913656  0.5385440435784258  1.1270777287962281  1.4141660941339003  0.02507099877198371  0.6178402889235854  0.30078067721076757  -0.010191526712656296  0.5567721394896996  0.27779770299535994  -0.28153676066875233  0.6106249119087499  0.6969040321312411  -0.11099096036971685  0.6205554297376839  1.8340474977443373  -0.26702213981486744  0.29675369206788926  -0.007135927743047378  -0.21428724688088824  -0.18133095609845234  -0.5243837375867468  -0.00440145639312179  -0.24858451584526878  -1.0525984331087692  -0.008547620233904587  0.00492106871333114  0.01601096656821995  -0.8564535171126926  -0.3324668309152134  -0.06220385351247585  -0.07188287299090791  0.3368758966833223  1.0632215483110268  1.7924773701715428  -1.0524453824631794  -0.44180393825310643  -1.0656406475327174  -0.5230065642476013  0.7357296199512399  0.7121664527556218  0.8306314735737481  -0.39586057024335053  -0.17374913321286506  -0.7338296273209506  -0.8297462165092507  -0.6538571063063798  -0.5171900619673099  -0.2356129984006787  -1.688008739658199  0.5943993554727353  0.23053505747759515  -0.2575716467199713  0.8904722112995244  -0.09434635785592092  0.15938500671277972  -2.001162768680921  0.2650242110653199  0.6330037884641764  1.6091157571662489  -0.6295031067465762  -0.028637598264520305  0.06803525678786101  -0.9626357494308299  -1.0515273638148577  -0.11518686220695344  -0.17820279220867682  -0.753518304659054  -0.3994975438191265  -0.4221411596098193  1.6601568734881473  0.5360755257697688  -0.262347527243741  -0.29824983591916976  0.4068579610596329  -1.5280633334425178  0.03292033576776713  -0.162917131508263  0.01210923983689032  0.26753625608793935  -0.08340816781207844  -0.2526879290178671  0.223271820664324  0.10848669733605844  -0.6310573348874461  0.8010311814763033  -0.9689935131122502  -1.2807922117918988  -0.4679252484552273  -1.0101182824962192  0.38991884738041777  1.1002756881434157  0.2572659303865901  
