5.3946026872522435  7.172020890634092  6.933367149853834  4.013340931980796  -8.390853820782867  -10.318795264003674  -3.224479482712277  
5.483203964102253  -1.88841281269602  -1.240956022710844  -1.6118766557700521  0.013017793052797141  0.6175044967493484  3.273177348255697  
-4.458219741615585  0.8147154361553897  1.185402033163258  0.956243960821297  0.385927920869271  -1.080663860927515  -2.7268172641836976  
4.808066931778999  -0.8494750035209491  -1.3618120416155608  -1.4298882290331985  0.23284654448764677  1.3855264501547129  1.8223234958391734  
-5.491400423331988  2.1763312448189485  1.5747223013535767  1.9079972418525888  0.8329186313483736  -0.23879466016858023  -2.2655098219148115  
3.687259496481985  -1.7190665452887754  -1.283405067869299  -1.4908728845715333  0.6051252190471736  1.3581107768842935  3.085077322815712  
-5.7668277659430265  1.5194341594387157  1.5409040113326462  2.0192515716001918  2.2840387788111163  0.7105336216890282  -2.907199065262789  
10.757591365402417  -0.4974766357564999  -0.8202992264082962  0.07575832150689032  5.08708654742831  6.945857362097521  6.370064502896011  
12.157316233106629  12.423238506823584  13.39163147330063  9.168066851779855  -5.107286468846102  -4.420170180508074  5.319065296800285  
4.67157452198002  3.848494677655358  4.658204464124541  0.7670255495022684  -16.735267230530823  -16.327164097095366  -4.624715075492859  
-7.982472334473844  2.4701421542279673  2.9731971474604153  2.268704440548627  0.24816249995531536  -0.9952578642439773  -2.3853100485980088  
4.709753861080089  -4.152405719780849  -3.75554388831687  -3.675066750770432  -0.6814603431729852  0.6646784811994416  1.1294493133843717  
-3.970024230328208  0.7193542608465463  0.44893796661090757  1.2724615350065072  0.8501254013261621  0.015439429263238606  -2.1233001757169148  
5.1592491286123945  -0.8609765298636138  -0.8040592335053125  -1.1605128677656125  -0.9922698638638646  0.2993195156361203  2.053879260274239  
-4.584205835442824  1.0667125814707648  0.172316210473917  0.4035328891829926  -0.2824289422486756  -1.6167750089857476  -2.5646765805357834  
6.862619037812866  -0.9710848079357939  -0.5111998760185967  -1.807434240184173  -1.7791157808960707  -1.3940859567617996  0.8585447152331298  
-0.5975284262350137  3.6512354810788388  3.461450265842105  1.0452267459699573  -12.836478522460975  -14.616790447829892  -12.72265177370639  
4.203443748052475  -1.2050198738537794  -1.084523916243899  -0.598437530184712  -0.7826589304064769  -0.47220101671092735  1.8826673382222352  
-5.346974664082758  0.34302242254219056  0.7771701554388653  1.088472587225674  0.47311829608283046  -0.14463463421179118  -2.0489123807948166  
5.570274619299651  -0.7761046205850752  -0.5149735561350612  -0.7627841497702211  -0.558793918560651  0.2883134911603026  1.6275066581326174  
2.0739795246441504  3.0873308275537292  -0.20549307747838408  0.24025655499407134  0.4785589064113502  -0.28819703064080937  -0.020042544700718243  3.1360705492948844  1.1611119206871467  2.498508971992097  -0.603983563694696  -0.25106380918758214  0.8554577708650065  0.13573226733093646  -0.24072296202099958  -1.7591946882296123  0.7501400926785574  -1.5626720623714427  -0.7154876971584945  0.021886711663324204  0.4970145947631274  
0.8260443482177545  -6.1185256751747055  0.49796341522982335  -0.9277718071280521  1.698031079748839  0.28713316623281304  1.5335882993752918  8.916423715817098  0.546026037087159  -2.2309815181313977  -2.954757019084976  -0.5735889963983821  -1.4415028870142235  -1.1292880088176376  -0.13011004859962438  -2.86757997074475  -5.61074503337581  -2.9838820881228094  0.39264724078950736  -0.3502966004549098  -0.08754297883382028  
-3.8240703772875455  -21.080264733769827  -1.4278202103868527  1.4517228462393852  -1.678299153568986  1.0947713106149708  -0.4856816253778777  -3.314325989541088  -1.27388077815919  -6.754189241248636  -4.226062849354661  1.4827260947976273  2.686543401748637  1.1949745421481195  -1.4484512000609873  0.13495040575403455  -1.8423911629028538  1.0788945606316327  -0.4799292464752257  1.0899065445999288  -2.322586427602162  
4.024335670118094  9.981014608096283  0.8835997562051338  -2.572288361360834  2.471853911336865  -1.224954630691444  0.8577567542416377  -7.310297564085649  -4.904455072380879  0.163260214913647  18.423596437855466  -2.2717573041414374  -5.922851811130999  -2.033330269496479  2.9218092229297503  -1.6600801024614147  4.188515802290672  2.869789334113428  1.0055306529854877  -1.6439602357188932  2.588664256121208  
-0.08591899601010189  2.1351619803721396  0.6245862062587032  0.21498562445662459  -0.42736510376223064  -0.2203783764119259  -0.2587686283630561  -6.576582620088174  -7.076251542664233  -8.18739358667367  -6.6972675273932  0.9260066293507244  3.518406732563267  0.28394730347713004  0.3882843516532386  1.86642435158962  4.124977658497779  -0.47209937723950407  0.04952154650300476  0.030376152615261547  -0.23684961823713294  
